converged SCF energy = -107.272448501206

  Initializing mode-controlled Newton-Raphson solver...
  ================================================================
           Energy / Eh      Index      Step Len     Error  
  ================================================================
     0  -106.9805849719           0                1.06e-01
     1  -106.9876232083           0    1.46e-02    9.95e-02    Truncated 
     2  -106.9940739403           0    1.41e-02    9.51e-02    Truncated 
     3  -107.0001317574           0    1.41e-02    9.07e-02    Truncated 
     4  -107.0057972698           0    1.41e-02    8.62e-02    Truncated 
     5  -107.0110711583           0    1.41e-02    8.18e-02    Truncated 
     6  -107.0159541455           0    1.41e-02    7.74e-02    Truncated 
     7  -107.0204469728           0    1.41e-02    7.29e-02    Truncated 
     8  -107.0245521758           0    1.30e-02    6.85e-02    Truncated 
     9  -107.0283630467           0    1.01e-02    6.41e-02    Truncated 
    10  -107.0319354285           0    1.07e-02    5.96e-02    Truncated 
    11  -107.0356391365           0    1.45e-02    5.45e-02    Truncated 
    12  -107.0393531367           0    1.58e-02    4.89e-02    Truncated 
    13  -107.0424785738           0    1.57e-02    4.35e-02    Truncated 
    14  -107.0454321762           0    1.53e-02    3.76e-02    Truncated 
    15  -107.0476505004           0    1.48e-02    3.25e-02    Truncated 
    16  -107.0498501397           0    1.48e-02    2.64e-02    Truncated 
    17  -107.0512375098           0    1.06e-02    2.16e-02    Truncated 
    18  -107.0523834632           0    1.17e-02    1.67e-02    Truncated 
    19  -107.0532720094           0    1.30e-02    1.15e-02    Truncated 
    20  -107.0538327823           0    1.22e-02    6.22e-03    Truncated 
    21  -107.0540539482           0    1.02e-02    1.33e-03    Truncated 
    22  -107.0540645178           0    2.77e-03    6.21e-07    Truncated 
    23  -107.0540645178           0    1.46e-06    3.33e-13    Truncated 
  ================================================================
  Eigenvector-following walltime:  0.551627  seconds

  Initializing mode-controlled Newton-Raphson solver...
  ================================================================
           Energy / Eh      Index      Step Len     Error  
  ================================================================
     0  -107.3638610397           0                1.63e-02
     1  -107.3645743294           0    1.00e-02    9.00e-03    Truncated 
     2  -107.3648999982           0    1.00e-02    2.34e-03    Truncated 
     3  -107.3649234780           0    3.50e-03    1.67e-06    Truncated 
     4  -107.3649234781           0    2.46e-06    8.09e-13    Truncated 
  ================================================================
  Eigenvector-following walltime:  0.054582  seconds

  Initializing mode-controlled Newton-Raphson solver...
  ================================================================
           Energy / Eh      Index      Step Len     Error  
  ================================================================
     0  -107.2977424148           0                8.70e-03
     1  -107.2980018254           0    1.00e-02    1.24e-03    Truncated 
     2  -107.2980076398           0    1.74e-03    4.48e-07    Truncated 
     3  -107.2980076398           0    5.06e-05    5.59e-14    Truncated 
  ================================================================
  Eigenvector-following walltime:  0.036696  seconds

  Initializing mode-controlled Newton-Raphson solver...
  ================================================================
           Energy / Eh      Index      Step Len     Error  
  ================================================================
     0  -107.2977424148           0                8.70e-03
     1  -107.2980018254           0    1.00e-02    1.24e-03    Truncated 
     2  -107.2980076398           0    1.74e-03    4.48e-07    Truncated 
     3  -107.2980076398           0    4.00e-05    5.52e-14    Truncated 
  ================================================================
  Eigenvector-following walltime:  0.042224  seconds

 Hamiltonian
[[-107.272449  -75.999782  -75.999782  -46.63423    26.440349]
 [ -75.999782 -107.298008  -53.858399  -65.858659   37.450081]
 [ -75.999782  -53.858399 -107.298008  -65.858659   37.450081]
 [ -46.63423   -65.858659  -65.858659 -107.364923   61.232017]
 [  26.440349   37.450081   37.450081   61.232017 -107.054065]]

 Overlap
[[ 1.        0.707009  0.707009  0.432774 -0.244848]
 [ 0.707009  1.        0.5       0.612288 -0.347401]
 [ 0.707009  0.5       1.        0.612288 -0.347401]
 [ 0.432774  0.612288  0.612288  1.       -0.569001]
 [-0.244848 -0.347401 -0.347401 -0.569001  1.      ]]

 Recoupled NO-CAS-CI eigenvalues
[-107.512782 -107.050913 -106.879217 -106.621229 -106.585316]

 Recoupled NO-CAS-CI eigenvectors
[[-0.223133 -0.402158 -0.        0.012905  1.793079]
 [-0.249099 -0.450059  1.        0.086268 -1.258613]
 [-0.249099 -0.450059 -1.        0.086268 -1.258613]
 [-0.340198  1.018306 -0.       -1.028919  0.744936]
 [ 0.207499 -0.264198 -0.       -1.168443 -0.025679]]
