 -0.9153542648542656   0.0235136625826300   0.0334857033376602   0.0591361432566691   0.0843474594675162   0.0587624302015770   0.0757138425395360   0.1101900601103966   0.0003340639384724   0.0093126195003949  -0.1447933784687649  -0.0744070565979628  -0.0408355664777436  -0.0035977566341070  -0.1000937859914612   0.0696568777801667   0.0373130893545738   0.0368336144249434  -0.0971657829883979  -0.1337400180655193   0.0015952844313716  -0.0545687219312730   0.0532542591297957   0.0221209604486222  -0.0290232743627751  -0.0786140951445283  -0.0004819180844892  -0.0261479057886840   0.1028754486034641  -0.0023302329282710   0.1003768559699239   0.0480281790627886   0.0571500264891589   0.1000103666070648  -0.0668780274410467   0.0175110853796854   0.0163233886410606
 -0.0424292594270662  -0.0553957768065502  -0.1079568845019515   0.2313634833723859  -0.1833877220072864  -0.0259752832302349   0.1306218517092691   0.0069632638629695  -0.0447628044993931   0.1320188824031092   0.4999572545967102  -0.1880652597758621  -0.0465300655146994  -0.0420486428137836   0.0973467310613589  -0.1808494737564030   0.0942395862512132  -0.0401411976939117   0.1291227991359543  -0.0298590338424604   0.1305874190860177  -0.2282465454803706  -0.1095118076288804  -0.0115415929935870   0.0564415597077310   0.1247039916706350   0.0793411935210978  -0.1921529687083845   0.2802855396718782   0.1831162824723356   0.1414877859969530  -0.1062705926672036   0.1611825456092502   0.1019310206332724   0.3139258739647926   0.1989844626308810   0.1960913936683493
 -0.1192378987769722   0.1330606088445583  -0.0870575622923769  -0.0227368931963962  -0.1217260761636694   0.1360503598264570  -0.0245129688557521  -0.1643863356843681  -0.0352493597567514  -0.2071778396274920   0.1062723007713746   0.0039035842479203   0.2954518357223169  -0.1997724000856372   0.0712243865587295  -0.0247890781416360  -0.1429596040723431  -0.1208171347943504   0.0006691022164696   0.2959539569916904   0.2021806426910392   0.2094845665489276   0.3618684643477986   0.0324813111441958  -0.1479606818364078   0.0104151797685638   0.0701504144277031   0.1835132136224389  -0.2253295926266280   0.1781400312423491   0.2590998112326563   0.0834493222620252   0.0296988215713660   0.1087266859811983   0.3149232034617093  -0.2039367463673691  -0.0246355110412507
 -0.0367112120703570  -0.2095141927005445  -0.1081256645209637  -0.0300583370582413  -0.0663836767986811  -0.1157006952032682  -0.0639257242500629  -0.0716172045497427   0.2567180455184360  -0.1172971291257689  -0.1480965890685331   0.1296971364424429  -0.0291243172011088  -0.0361153623462607  -0.0542003280834508  -0.1872081989092851   0.0724198649462532  -0.0567883893231356   0.3440256476654590  -0.1343163184725248  -0.3050328623738419   0.1202248509415289  -0.1171887342595430   0.0412269294151733   0.1565588109937368  -0.1643495970897680  -0.1893710482552149   0.0682856228392088   0.0914580410427808   0.1259242999281070   0.4069123514520260   0.2388944369908690   0.0324377606930891  -0.3051457750267091   0.2066706908822203   0.0401127467294640  -0.1067668798264818
 -0.0741652022897562  -0.1495997279970552  -0.0963031394719875  -0.0444361173407046   0.0814502254021790   0.4239094418417608  -0.2264092324313524   0.1115474800070256   0.0647472863054838  -0.2146637503121704   0.3137899455970645   0.0363765442321633   0.1969071991696186   0.0931400846694506  -0.3120807675691828  -0.0230611088074928   0.2295335718228692  -0.1712196746846874  -0.0586057985158625   0.0797173693572917   0.0720526486807185  -0.0391732249853123  -0.3558077933546117  -0.0516045144150484  -0.1163849855549444   0.1734249053632855  -0.0257665627612423  -0.0082344077490807  -0.1744758044933986  -0.0277788019708831  -0.0159682261754612  -0.0272260978971705   0.1366146864936141  -0.1915554132038843  -0.1342823185815940   0.0177513474264110  -0.1932685047786780
 -0.0366467525593535   0.3154918643187918   0.0463459104951463   0.1437837089271723  -0.1530321332486815   0.2252360073670412  -0.1090169668126765   0.1426605357303677  -0.0337103761573031  -0.0065659942421326  -0.0577321967030257   0.1035423412587034  -0.1218082798933198  -0.0936087189982917  -0.1927560129730239  -0.2691396752907409  -0.1019019983445930   0.1711971933171824   0.3933618658005169   0.3719891618464213   0.0837055578287033   0.0249542340329939   0.0630569553465546  -0.0563983900035816   0.1487544223553208  -0.2169651658151346  -0.0866108686530422   0.0721717100878258   0.1691248517197013   0.1298590266961997  -0.2101525670970044  -0.0966979461636371   0.1260134736932099  -0.0866637089259496  -0.2520419069432006   0.0291887774409085   0.0723908884861806
 -0.0208543495767324   0.1136979083382129   0.1607045542137343  -0.0012121105268822  -0.0346510814029574  -0.2714231774346302   0.0777008715532006   0.1516896897920009   0.1737040257268700  -0.0828897668367985   0.0307755776928781   0.1207510089694706   0.1271262008368584  -0.1966596801978811  -0.0208953592054970  -0.1019551842019258   0.1915918021003845  -0.2217588409736980  -0.1199607748990054   0.2533183301567638  -0.3897671465331561   0.2108011232233586  -0.2737184290664200   0.2423686431177312  -0.1393859506995433  -0.0591031908715571   0.0394191489504510  -0.0159233618775138   0.1092699918222229  -0.0741721729272098  -0.0900752685065904  -0.2100987831300158   0.1625350646079335   0.2937927240131566   0.0264204890815394  -0.1534656877639669   0.1130510792935356
 -0.0762563733220329  -0.0116382257237829  -0.2514865543612997  -0.0494293172323103   0.0681394074130955   0.0621633762993092   0.3469320881969314   0.1018911738367437   0.1227388566950234  -0.1399880736191009  -0.1062368369326179  -0.2693300340409792   0.0615323262463495   0.3079313242301334   0.0392561982957065  -0.0621356114017380  -0.0763954252062589  -0.0078295133245170   0.3272804879425681   0.2260575902171416  -0.1755011571554897  -0.1165588385040759  -0.1484124598652699  -0.0195889053004958   0.1765858845811917   0.0551808095206985   0.0659402969090905  -0.0035756129422994  -0.3481836473432723  -0.0613795664599607  -0.2050222075375179   0.0733138886689452  -0.2171447535809246   0.2301096033705792   0.1454436424186978   0.0273622837148394   0.0519934109895316
 -0.1149737512161756  -0.1103239738489875   0.0085558391870083   0.1684287906959750   0.0031609698081039  -0.0433555658847122  -0.0482095697404425  -0.3731585561848696  -0.0292840915287967  -0.0815005821241204   0.2226979883846639   0.0739468016023732   0.2214339028898372   0.0723746870424551  -0.1375313078794627  -0.2250485121076633   0.0620762482140966   0.1015893856113091   0.1428234535522770  -0.2139938045864856  -0.2434802473419928   0.2495725949937251   0.2069875802466387  -0.0375879954676436  -0.1231387702629519   0.1426288112218316   0.1991929987517801   0.0973948319296330   0.0389858311202965  -0.0976291390586865  -0.2269596806205589  -0.0035098364222076  -0.2711238060093561  -0.0739377865955449  -0.1798161917008685   0.0846601499499104   0.3231099614927410
  0.0645232192385592   0.0302174143713551  -0.0411433898670987   0.2762451301743105   0.0962275409454049   0.1138396394024521   0.2342968794818916   0.2077067012990629   0.2055636316265370   0.2541044056040211  -0.0845493413727011   0.1625320405740203   0.1024269268726248   0.0192808773166905  -0.2416827632332844   0.1361070262029788  -0.1960110347246430   0.0437556983238515  -0.1581303992211675   0.0851413274918219   0.0969273532985431   0.2532953483265783   0.0161330952579066   0.1064542584353916   0.1163523185882465   0.2977011826209751  -0.1105529675413242   0.0024939007264985   0.0315342753097453  -0.2258915174567472   0.0187486828362222   0.2045031164502589   0.1339100421250591  -0.2124862183246293   0.1965662436711671   0.0646116332783810   0.3102526341281631
 -0.0907034952974497  -0.0002461351504426   0.1506782230607377   0.1517679359175211  -0.2436619027522503  -0.1476810670789827   0.0268383738357898   0.1677105549320255   0.2485486605797695  -0.1397083864540138   0.3205666936607440   0.1983673337613866  -0.1386921044285997   0.0635684626418715   0.0530876123549531  -0.0049391224336006  -0.1376767981181009   0.1963670664978151   0.0210963120498996  -0.1414640995538047   0.0386684905631709   0.0588338254643343   0.1023706399015795   0.0435685574988567  -0.0047906442965843   0.2421159942018535  -0.4081050644080271   0.1099178409422852  -0.0836354889949533  -0.0191856015675861  -0.1561693682758635  -0.0383610878425665  -0.1654263708765790   0.1845671294340036   0.0382417499550471  -0.0145729458094389  -0.3969511199568908
 -0.1139043314808689   0.2360525730263081   0.0549817660895598   0.1874592137388368   0.0263445886063364  -0.1525992404570096  -0.2355282869044443  -0.2069586465977754   0.1349391070297751   0.3346687789320136   0.0634234361580020  -0.0637426824946760  -0.0910668601730578   0.0812310710373742   0.0507930243081952   0.0512094815350686  -0.1619052580697694  -0.2411021933314728   0.0440837414299798   0.0600906093609197  -0.1122432612807042   0.0649644726924690  -0.1490131665918289  -0.1370715280828891   0.1034433883733455   0.1829814915353503   0.3355141937767231  -0.0288597114680155  -0.0194523390606863   0.1638129533339440  -0.1992904288304707   0.3041360517828072   0.1081676919430568  -0.0707275671852491   0.0043207168625944  -0.1826953541251956  -0.3124747830925302
  0.0315406131169873  -0.0155692635322717  -0.0107872649233252   0.2203377136711978   0.2472316273873037   0.2964931808925167   0.0306201938176310  -0.0622970614804963   0.2078142716316993   0.0005812305574144   0.0695127669334547   0.1161334371869181  -0.2063932609225574   0.0731997821962784   0.3977061623974048   0.1362941246655917   0.1815936390105926   0.2028493793202346   0.2019845403520959   0.0792091206270315  -0.0119047406224223  -0.0301369765192921  -0.0668980873374553  -0.0872478204718161  -0.2457321358695880   0.0130107600673906   0.0192428496109612   0.0393749603174228   0.1584908133127192  -0.1644656651640145   0.1847883508844865   0.0288223173623914  -0.0377131359687242   0.0547259853290521  -0.0697579659061615  -0.4534759747315136   0.1056477184415488
 -0.0519735038589820  -0.1394809472138308   0.1236523131227117  -0.1047919515796225  -0.1780213196048225   0.0439005688993941   0.0359514111831588   0.0700548256581402   0.0346721792835478  -0.1383509185790223   0.0102915251076231   0.1125923694543761  -0.3990414648382522   0.2813224869278494   0.2608802325289291  -0.3199329188996468   0.0406295425367677  -0.2278957871700827  -0.2625335119699991   0.0771242115190991   0.0209033332305597   0.0613043304177367   0.1226300320252980  -0.0527624328474125  -0.1193416616837298  -0.0207785604141534  -0.0423969903296555  -0.0621026177793285  -0.2029693454412896   0.1255200801740305  -0.1354264872840718   0.2703234612428381   0.1974669454073979  -0.1195795277135284  -0.0582965415481529   0.0275195455283575   0.3053119616036158
 -0.0442521999303573  -0.0266074412013612  -0.3991877884731757  -0.2533645018680974  -0.2408119306768248   0.0534004643353861  -0.1337309014617494   0.1675932566952853  -0.0407850059301727  -0.0002364662446987   0.1293694862124774   0.1398102358298151   0.0143437889737522   0.1707269842299630   0.1012881456863291  -0.1463060091548777  -0.1539789783719317   0.1912249506688185  -0.2054673416553922  -0.0363306877520492   0.0324598364937657   0.2771531895630858  -0.0748217917767933   0.0513630803826530   0.3343797786973182  -0.0593670640384964   0.2904540710174828  -0.1128353599505596   0.2063905275351319  -0.2011673212959358   0.1230810132173114  -0.0075693137579609  -0.0714452021322733   0.1072206872264133  -0.0905143356457697  -0.1990137102355984  -0.0547025068429612
  0.0562598224645986   0.2022553893782672   0.0356535610375068   0.1388991001540786  -0.3499981685997770   0.3461252631954576   0.0269074323514274  -0.0298665862326068  -0.0118070092704413  -0.0513473300947960   0.0437695436396971   0.0762622485639250  -0.0849522755521110  -0.0059378465343080  -0.0413876804010944   0.4108021277019901   0.0587171462067307  -0.1945227730345488  -0.0706670507169394  -0.1390074514015690  -0.4163493351208476   0.0559235467207057   0.1208615611708856  -0.3033918807655852   0.2008320523549839  -0.1071394804760842  -0.0340948527289156  -0.1870388099504852  -0.1218115032484924   0.0199513447040032   0.1110139120059009  -0.1276793897372309  -0.0446808310670496   0.0845825862239767   0.0154681289761014   0.0697804999395231   0.0916682133637182
  0.1134015761969861   0.0906330983211133  -0.1068246165928277   0.5310517141532345   0.0289227867790885  -0.1572184426337488   0.0068854655519548   0.0035003749301529   0.1440032603739622  -0.2380613688087269  -0.2198070873156984   0.0411323949963857   0.0563957043041821   0.0591712219363657  -0.0902903439014891  -0.1933842409833362   0.1638326874609742   0.0097599281471092  -0.3180109650067450   0.1071379878920190   0.1481330648145339  -0.1190418807300694  -0.0147891557574292  -0.0414169936972405   0.0852597287565036   0.0037699399310349   0.1058061886231168  -0.1636831613963235  -0.0375522926889493   0.2021952891038848   0.2542069857771938   0.0455476089870575  -0.2880863909909777   0.0871250901841116  -0.2267534506102731   0.0471684778818472  -0.0644623293394386
 -0.0225321584285912   0.2197448139621922   0.0530081871306935  -0.0613295834102870  -0.1194333681037324  -0.1006307739960057  -0.0318524063351457   0.1949449773617816  -0.1132862666914913   0.1393613525272809   0.0188176788920361  -0.1111617924066604  -0.2167990285063356   0.0334656290880276  -0.0595377255471069   0.0625531593182558   0.0405729644792286   0.1668155631998816   0.0820751581573931  -0.1558952257377573   0.0341598500914950   0.1977680749027518  -0.2933722095313016   0.1276164741295350  -0.0995199872133140   0.1913748545371574   0.1224457317354763   0.2661869189023405  -0.3453452454968325   0.3066973536806583   0.2850550712397205  -0.1945709896661719  -0.1632614407985168  -0.1282244851553012  -0.0879198000595272  -0.0753401447769141   0.2370932853794651
 -0.0277365849595332  -0.0989613579537347  -0.1749456690417634   0.0585686211785858   0.1318267490503276  -0.0936430753443768  -0.1248171751069829   0.0524162083823186  -0.0287293744957922  -0.0431198372190728  -0.1086071158177627   0.2029880918532809  -0.2022437416199421   0.1776868075277951  -0.0536608451827664   0.1430731980312660  -0.0789584829230268  -0.2730732562367156   0.3387087493812077   0.0099648370329092   0.1048473998967566   0.1593741623139990   0.2492520640957853   0.2916328141507997  -0.1534407872104639   0.1421250798795166   0.1060341868545046  -0.4397263638091785  -0.0547506851503547   0.0219187282146788   0.0401802781839040  -0.3392210783966624   0.0443399538392564  -0.0043436575844836  -0.0215297748584617   0.0641567258220992  -0.0717507050632626
  0.0414066102189738  -0.1166722958659557   0.4699377519672540  -0.1353502940188041   0.1050137745929276   0.0231992970759931   0.0515090248769256   0.1477672720755821   0.0150120150599246  -0.1081502450428545  -0.1018490597536554   0.1670139774878070   0.0837270008924419  -0.0596912919281867   0.0284562457335519  -0.1470621335554487  -0.0467213712959347   0.1332180143928279   0.1732767397616142  -0.0208932832974607  -0.0154620080810892  -0.0245646122481353   0.0742128050292401  -0.2943418950512193   0.1762285115361829   0.3354377681159160   0.3518526652683607  -0.0382700689513378  -0.0744348329561162  -0.0719479067421919   0.2689303566908101  -0.0048696034663766   0.2313929062188213   0.2125800685760679  -0.0719143490390701   0.1531369029102093  -0.0601681821797860
 -0.0696398281493845  -0.2902320519474370  -0.0067366746007429   0.0022998560383577  -0.0843826127212369   0.2640193780425067   0.1213881040234667  -0.1313386940233988   0.2308631705766003   0.2731568169325371  -0.2236566183327874  -0.1118951384271378   0.1230001309493919  -0.2575086356953266   0.2604280191775665  -0.1802685696048661  -0.0543173570931845   0.1619835502133058  -0.1220071010997724   0.0234019684353508  -0.0159629183200457   0.2429019658129062  -0.0950928876719008  -0.0709377466015778  -0.0243235772385966   0.0629566658706801  -0.0600635538039922  -0.2410789138635354  -0.1140682271940366   0.2630583671011455  -0.1493314605658150  -0.3307816102662167  -0.0337622408152254  -0.1063801830058930  -0.0303200001837179   0.0297867475775731  -0.1319576057388245
  0.0846030974300325  -0.0927540308396016   0.1700645226759660   0.2048676042426430   0.0159529534434306   0.2605840661928033  -0.2252297404049235  -0.1030001520147158  -0.1269521492633620   0.1660592910954486  -0.0904468648428288   0.1162934754049409   0.0006964819697219   0.2902568994127491  -0.0948804555256738  -0.0542118654816961   0.0136189765588388   0.2535120570213705  -0.0374024909111406  -0.0829005294207067  -0.0332813518361235   0.1088471444873852  -0.1336741747285195   0.2891153461671668  -0.1152084969312925  -0.3019764829486278   0.0802114818359270   0.0338546018670945  -0.1203734588443240   0.0728511853708200  -0.0152860573138161   0.1196515156179946   0.0992610831220708   0.3864132965399162   0.2868782147605500   0.2008807286930445  -0.0831557845496254
  0.0327760110608462   0.1093864628568268  -0.1151847157491628  -0.1483771107596813   0.2360700895112669   0.0580937301224467  -0.0297238086759761   0.1175128757712197  -0.2780916325947788  -0.0268061797855308   0.0229906094826989   0.1336975652915784  -0.0067149570473946  -0.0588395881917823  -0.1387378887097444  -0.1008492204968190  -0.0071490958076896   0.3013904693288577  -0.1207618133076028   0.0369682700872765  -0.4034190597562017  -0.1711472308921742   0.1309544451908649   0.0265469779084393  -0.0778409305430392   0.2739826888128783  -0.1314879484292917  -0.3030158409753115   0.0597973301458116   0.3685946213184416  -0.0621039954754153   0.1627590157027338  -0.0339100391703066  -0.0141816475627010   0.1491121580198402  -0.2194600768690625   0.0010007464408050
 -0.0230704644121624  -0.2595599127442579   0.0328702186466005   0.1325047421518932  -0.2528057296883301   0.0086687728416801   0.3067855826486973   0.1427419191353494  -0.4152442735810379   0.1039353794996371  -0.0932374907820937   0.1243928445141657  -0.0214497737354983  -0.0028517721725473   0.0289873020582522   0.1278952798336046   0.4626563404501843  -0.0303561732801638   0.0721349867115666   0.1935043634852175   0.0003775547639624   0.1085654213774475   0.0895182478845136   0.0769060918213830   0.0522903653091350   0.0932197295065321   0.1788520065748466   0.1658956215051883   0.1023804256942938   0.0244778097749682  -0.1185914891067974   0.1186614634435145  -0.1041703163790565  -0.1486514863196660   0.0371778941625828  -0.0552262276227715  -0.2811454359559061
  0.0425099329390940   0.0554023254666843   0.0120643607080857   0.1489331586804392   0.2798642735775607  -0.1131692746451569   0.0448848201483815   0.3571505100547590   0.0942545936136066  -0.0951034761988038   0.2415843072477531  -0.1686054651237690  -0.0655575032846770  -0.1314917072255757  -0.0105551409352105  -0.0484639307338658   0.1299783283702305   0.1780623624316991  -0.0350397196759308  -0.1567106808571891  -0.0260983783041342   0.1847037558061649   0.2104715076930530  -0.1327072880344957   0.0111844743594058  -0.4007027516957605   0.2590837744838195  -0.1086939496264295  -0.2365805618267909  -0.0663423836577901  -0.1335085388379003  -0.0486564622989062   0.0899125495611443  -0.2564118527129513   0.2040880073030453  -0.0319656787274407  -0.1246559560254416
  0.0152449682579046  -0.2453688189140850  -0.0648164053660245   0.2672902100056944   0.1486006076303953   0.0061063741400413   0.1265827545642576  -0.1727945476406498  -0.2043252353594411  -0.1722090037176352   0.1510107044985603  -0.0786419206907911  -0.0835607018513540  -0.1203525177519696   0.0832923543194202   0.0830846044384210  -0.2354534430662649   0.0361323222985704  -0.0647617076712989  -0.0267195772975368  -0.1698210069188507  -0.0521953321712372   0.0034291495049067   0.3273063687605996   0.3651699218334953  -0.0058507066228675  -0.0388999576932626   0.1690342514835525  -0.1837037571765830   0.0738389848186525   0.0369833392508450  -0.0635912278111260   0.3779742995721814   0.0025052680566785  -0.3014759710398495  -0.1341398452988132  -0.0050909978953593
  0.1060431198031141  -0.0237245998562575  -0.0517710473529973   0.0101775766279403  -0.0692787627274329   0.1034828648494108   0.1869716701605987   0.0064277626827623   0.1650105982028255  -0.3412103636950272  -0.2033353557265365  -0.1077366013707359  -0.0845056835964987   0.2238338187479202  -0.1727973912843498   0.0770722400959548  -0.1963104980394795   0.0088971857534871  -0.1094599537178967  -0.1867520715074575  -0.0267881789162288  -0.0073411402206270   0.0090288159352849  -0.0720544198649313  -0.1843609325841676   0.0675426092810953   0.2529954476546411   0.2930396481401957   0.3879424825286345   0.2571296937420071  -0.1514501982529403  -0.2200697444787457   0.1801044604803743  -0.0612903946969225   0.1635991379413362  -0.0859918560100441  -0.0834688398314950
 -0.0067906701933191  -0.1800028747860510   0.1013967157062980  -0.1207470014311854   0.2113659960002084   0.0632913214834595   0.0704146700715219  -0.0588644374706426   0.1553866242932131   0.2959918885653721   0.1055515853894728   0.2456637695816189  -0.1229395347474134   0.0587697194672205  -0.3062622129621765  -0.1519393785224139   0.0978336255653060  -0.2406526271240908  -0.0682894021615247  -0.0357193953969814   0.1077045484192275  -0.1608644978284639   0.1558294535351574  -0.0486451958594479   0.3260353124231281  -0.1269889945442737   0.0044963595347180   0.1868684288710485  -0.0526563963755962   0.1564240413613525  -0.0141924489958349  -0.2460119219949272  -0.2030467079647285   0.1261240138831435   0.1248708274092876  -0.3242321264398727   0.0784444873741868
 -0.0672256791527546  -0.1461450718982235  -0.3453206018506249  -0.0253545246948397   0.0869233388597828  -0.0557787438827914  -0.1361485644584475  -0.0912353849924521   0.0839178684211598  -0.0083985393729642   0.0173370873349093   0.2329677158061994  -0.4218743921719856  -0.3523283433561845  -0.0499649034527716   0.1093579000212136  -0.0344700302571216   0.1229765581789398  -0.1268738041650788   0.2692906963771345  -0.1090276630885186  -0.0798953041115361  -0.0451420244654031  -0.1581801437099664  -0.0956323692026868   0.0633865582824192   0.1817914115406511   0.2499708710037417  -0.0772867221664169  -0.0714554168931742  -0.0433940242566672  -0.0359429742369771  -0.0605567938306375   0.0908798854599636   0.1111103982776379   0.3753632878799602   0.0086251617558569
  0.1028319581123880  -0.2689883991359124  -0.0217101729092939  -0.0468676480322280  -0.1242135768378726   0.0803753767798603  -0.0590322078418119   0.2532924972077601   0.2064407633528291  -0.0495797422893883   0.0173223933998394  -0.0446632315799979   0.0207518333879774  -0.3682131304585303  -0.1045842573596704   0.2208884954487230  -0.0500140919321296  -0.0725805472246223   0.1711670610569405  -0.2037086086939540   0.1421471206190569  -0.0105739377817824  -0.0011463062327780   0.1300766941830234  -0.0556112687032193  -0.0717450664985216   0.1504779799497086  -0.0989760929173477   0.0409082440919233   0.2561135246738523  -0.1725714071314580   0.4085418994207785  -0.1147024477721959   0.2597781658096259  -0.2001119966962594  -0.0915636204232559   0.1795866910736873
 -0.0928050175352945  -0.1204381789836133   0.0340216577273127   0.2550225458791353   0.0996200005045051  -0.0303473880869778  -0.2808443809596430   0.2078083891832317  -0.3413119866455279  -0.2028891175088300  -0.1638789590042454   0.1964664993491161   0.1150147296088737  -0.1052124400547668   0.2522066150968399  -0.0312359011875192  -0.2041828495336931  -0.1917662199244002   0.0454466918007146  -0.1393060206386009   0.0859937655386459   0.0184730777017482  -0.2825088997498740  -0.2285763223412812   0.1239729073467760   0.0161747298787260  -0.0863206381568486   0.0652435851806765   0.0150794235205248   0.0008060538012044  -0.1973383759105772  -0.1081995785379393  -0.1566409289099353  -0.0355454510822732   0.2822480273087677  -0.1122362131515325   0.1725727890886902
 -0.0357880538899332  -0.2605554634467975   0.2363366705669470   0.0768711852649531  -0.2949212446952011  -0.1005334835905552   0.0599983037073850  -0.1527142735261701  -0.1056566970492405  -0.0655719316170497   0.0086149945149383  -0.1050155928661561  -0.1844889263582111  -0.0690599075564390  -0.3611314509915612  -0.0202165771209887  -0.2987478759913847   0.1315466346595640  -0.0064641362288003   0.1825879861018928   0.0027321974261946  -0.1319323693653789  -0.1627810653263240  -0.0705811484690293  -0.1841600167277497  -0.1040128174771863   0.0877943902011813  -0.2796006376430124  -0.0976617496020983  -0.2612098670935866   0.0966895191092199  -0.0087388494087332  -0.1081262609015171  -0.1309149491154473   0.1091137191071426  -0.3184171754466151   0.0099225027286441
  0.0322338678204589  -0.0879360939078031  -0.0940463134399429   0.0409511185685346   0.1401799023086990  -0.0498437751984230   0.3394844366971045   0.1657009566907902  -0.1712304147507243   0.2186954022092483   0.2035728998723527   0.2116430582798902   0.1399107895990153   0.1189675039184631   0.0036164880187182  -0.0320318357816704  -0.3731035160507392  -0.1637798710583209   0.0222573625662776   0.0336258845141455  -0.1045281572335114   0.0887643527442748  -0.0903311686026627  -0.2666851783342916  -0.3355885408565078  -0.2609345300425717  -0.0426658505917712   0.0587586048841382   0.0430122389320186   0.1543722718276737   0.1853881957219807   0.0510255719773230  -0.0587320152439232   0.0590035454538699  -0.2580141908262569   0.1206610484675843  -0.1236101738534023
 -0.0335141560319872   0.2871267967647864  -0.0849391560631503  -0.1120980838812019   0.0263895140912494  -0.0309261927566994   0.4108485956845326  -0.3522827185409068  -0.0582770804395589  -0.1748136298115399  -0.0002043369927761   0.4096400356543519  -0.0552901123370157  -0.1392114660903050  -0.0507935672069104   0.0073568518385492   0.1066678206996960   0.0755358306006131   0.0721310853941542  -0.2446377495593342   0.2907696021934277   0.0751682407365998  -0.2982358374771633  -0.0324376712168855   0.0439006689388307  -0.0739492873220449   0.0360147482698621  -0.1914933837517654  -0.1249099912787117   0.0376626837470949  -0.1476977442115260   0.0854640004762433   0.1317773646019289   0.0160407408880543   0.0482242554253313  -0.0281888857388020  -0.0263934434588275
  0.0346598410554272   0.1311134873828016   0.2595174504674000  -0.0728203002472129   0.2655702365677136   0.3046839659071820   0.1298345798674236  -0.0538834481779429  -0.1054488508722390  -0.1689696002171888   0.1131402368473282  -0.2074138281821219  -0.3077762774009756  -0.1661188192902896   0.0174001847285646  -0.1308348701632763  -0.1332908171725442  -0.2215531483025366  -0.0658872341586577   0.0298395461988651  -0.0093615896415064   0.2630570694069645  -0.0882711576719609   0.2214594614352251   0.1001913579024443   0.0489331164829408   0.0186881512232054  -0.0495091559251017   0.2344129074767508  -0.0521388295295951   0.0795067116490833   0.0964115458982743  -0.3909242376488086  -0.0166347616710653   0.0438813407687361   0.1724919812273559  -0.1382039310359681
 -0.1131588548065479  -0.0135009369449770   0.2695536597422015  -0.1166088095755669   0.0077253032176507  -0.0397258055738048  -0.0050418428161116  -0.0179404870787313   0.1793937704945990  -0.1108713889261597   0.1798637627106166   0.2665330034045131   0.2100378710807957   0.1555497173316299   0.2136896437800569   0.3235764739037506  -0.1207272823425021   0.1485410556703238  -0.0531788765419115   0.2528831214789702  -0.0128626036481794  -0.2174659170250890  -0.0662773274187307   0.2373498311129605   0.1231067965115711  -0.1560642308496366   0.1994670236033536  -0.0668253951784995   0.0536236016645546   0.2171012403636277  -0.0392932246324873  -0.0454561873950595  -0.1991892080866113  -0.3244801615805657   0.0342287582468532   0.1666672405370693   0.0965970346823796
 -0.0176836710614968  -0.1941760688111115   0.0696315033544975  -0.0792216554080091   0.1739834144451155  -0.2288316601381237  -0.0747331270664291  -0.1379142297680944  -0.0430384517537546  -0.1240146914390647   0.0930635748973610  -0.1860267815240128  -0.0612368820689273   0.1901104520341196  -0.1265734263248343   0.2965755962517624   0.1306301683563255   0.1525576118231329  -0.0035301356177125   0.2636440695006245   0.1443714796342495   0.4465713971130017  -0.0717794445378880  -0.3149464555011348   0.1662313992049673  -0.0261300527467249  -0.2298315428148847  -0.0947188997154224   0.1393337381695285   0.2334427466809091  -0.0097956901915990   0.0272460434213744   0.0596279464993778   0.1566423402637038  -0.0078222202369289   0.0039769232206346   0.1084060940899283
