 -0.9083334536283251  -0.0386961072539982   0.0245351899843194  -0.0233009642052430  -0.1374989955918352   0.0078669871827332  -0.0053260324037016   0.0382846858740055   0.0909269852014670  -0.0489813204458891   0.0019969620414373   0.0861733597992514  -0.0291967563082822  -0.0184256806877512   0.1479263263252273  -0.0285203721777296   0.0278080559204388   0.0764700182542686   0.0424669899569221  -0.0356393103383105  -0.1017469550345435   0.0027785732911741  -0.0242778220288788  -0.0844570297601356  -0.0461982028492995  -0.0074394997954755  -0.0424830706265066   0.0214412351339712   0.1206227249143525  -0.1645515410468842  -0.0924310027654490  -0.1401408112932607   0.0005571991895899  -0.0320175213494890  -0.0247985640485916   0.0744632579348883   0.0248063517477481
  0.0850591491088374  -0.1639143027577559  -0.3449797452769582   0.0323137186270681  -0.0975768231016696   0.1108346006303446   0.1074338875655253  -0.2005445578337134   0.0699056669019992  -0.0850610769268998  -0.0556352017415232   0.0406369918328268  -0.2899234373954684   0.0036455440028580   0.0468705333079912   0.0761494839125803  -0.0370858718687521   0.0469608299255234   0.0543281135485748   0.0597472673731577   0.2139084561052971   0.0851782420667245  -0.1402666186403205  -0.1428094424161894  -0.0526601199845914   0.3621276264918941   0.3408068145485287  -0.1127056506228178   0.0674401083207533  -0.1790442218254223  -0.1926488954884598  -0.2969040142039672  -0.1086899384885458   0.0564798667593074   0.1300959736632820  -0.3212621939961600  -0.0197397763241720
  0.0047809547105533  -0.0948049371131973  -0.3024058755949351  -0.2791678785463987   0.3290120476026175   0.1437053693080586   0.0456922997383698   0.0734119641567854  -0.3249412841993414  -0.0390228556363967  -0.1090362439769805   0.1368488126230390   0.3201280186104868  -0.0775539774681770  -0.2335151624992331   0.0880848937005507  -0.1725443921164108  -0.0447698006520222  -0.0492011785665935  -0.0765153285052171  -0.1480872420295186   0.0145087794119057  -0.1373089428637351   0.0134872387559741  -0.0628909091770935  -0.0098794126873301  -0.1019446349179416   0.0257662914633466   0.0578052227130681  -0.0474042958282931   0.0485704196647103  -0.3969666078606726  -0.2186194168508003  -0.0692315934626255  -0.0676646390210648   0.1705455350833434   0.1691102159994353
  0.0322937648464153   0.1233329204508208  -0.1388092804066442  -0.0081185792804184  -0.0344634610771710  -0.1888606742194834   0.0472316261414577  -0.0966743277311208  -0.1023720520701123   0.0817379010211406   0.3703035071903265  -0.1808677873975862   0.2534752760179382  -0.2967220991207080  -0.0313051401500681  -0.0604420505374316   0.2581013176920218   0.2849623082443559   0.0995643403387310   0.0834831983136004   0.0382183738141009   0.2139700029551074  -0.3269621426443150   0.0708461055052870  -0.0125000254768582  -0.1240576054736619  -0.2256606316773964  -0.2115809292320060   0.1421581840206543  -0.1515553049079258  -0.2164086284024924   0.0979320103629085  -0.0006068825114380   0.0558950041553785   0.0088333983670909  -0.1692756881992300   0.0740937315155164
  0.1261294865450306  -0.1392515625805328   0.0174958049412613   0.0038869650057272  -0.3869334412598331  -0.3402380297958574   0.2355325874283397   0.1512861106211342  -0.0228301689061788   0.2470133634691097   0.1768429776032478   0.1256707616192665   0.1930476463626580  -0.0142869790557990   0.0986640520473346   0.1636619529065166  -0.0896776258500591  -0.1775891508253692   0.0826595836343542   0.0606267487521826   0.1434235477201659  -0.0404269917536784   0.1017135975039893  -0.1807774530191246   0.0963349541018463   0.2400088798428332  -0.1270655031234236   0.0019845765094705   0.1981010635218841  -0.1525802394946041   0.1759242177899735  -0.1467407433290200  -0.0036049242440316   0.1394154371378512   0.0338807630294638   0.3144408326628725  -0.0714920585012357
  0.0473136475083912   0.0090295680168999   0.3180623922684829  -0.1974165894592511   0.0363097507101108  -0.0242302746391491   0.2698199788964115  -0.0485824282132224   0.0241746166602318  -0.0964039833461876   0.1060791780044547   0.1380076578850429   0.2274595828680077   0.1941916706440177  -0.0752082614282459  -0.0139999785678895   0.0811087417846414  -0.0066682375080423  -0.0461018882852301  -0.3156492617609012   0.0687764650879906   0.1381870113086385  -0.0166669889108052   0.0863154008448929   0.0000832154316078   0.2435488080907758   0.2149250518226667   0.0346325914906036  -0.2261791170184272  -0.2726072695281190  -0.2817972486062273   0.0407431346256021   0.2570606947310893  -0.1533721701512242  -0.3075771706783308   0.0171078186343381   0.0855017351677188
 -0.0876569915482364  -0.0526199004439796  -0.1361835721322407  -0.2750327058481203   0.0394770384757391   0.0674973462844337   0.3476243854098535   0.1001725114868614   0.0039269143949275  -0.1204309133882193   0.1383858298838352   0.1157983872620899  -0.1220815939674450  -0.0468080245091446  -0.2656071417485631  -0.2837447934084815   0.0580708878211281   0.0580209298482747   0.2367929246262434  -0.0494832949078792   0.1710212438959525  -0.0752461274855680  -0.1965544867757260  -0.3190837603817114   0.1074013389412413  -0.1112422144121091   0.1037879583306710  -0.0037848434107785  -0.1744893728250237   0.2316237191338975   0.1014104779424861   0.2137764833533927   0.0714987817626483   0.0044047471182782   0.2137501746723175   0.1884658478234442  -0.2034737803857543
  0.0004398981362826  -0.0011569178922451  -0.3863280959354566  -0.0997252853691600  -0.1408631349235170  -0.1852722124488018  -0.2132184357724389  -0.0661296649206576  -0.0986550791712767  -0.1428201185575070  -0.0932029721248195   0.1681120994625964  -0.1052746649288504   0.0282039197167675   0.1169031539931020   0.1887008479620892   0.0230228194996490   0.0375242560093686   0.0010419002087575  -0.1589247923570716  -0.1673087981056471   0.0656372075469902  -0.1801524737177171   0.3301233126764125   0.1818687324542066  -0.0265049695445823   0.0423222335400352   0.0284713887787882  -0.1508282335598244   0.0498681793560509  -0.0081689263305331   0.0259964350633234   0.3917481939268381   0.3379073118598110  -0.0643681420759076   0.1861407567727660  -0.1970716327479531
 -0.0953218462183591   0.0491094490102807  -0.1196314275571458   0.0459672891671355   0.0872688875008255  -0.1392212443709252  -0.1164877374730890  -0.2024200572988573   0.1979113985757138   0.2813099688888757  -0.0222961583426981   0.1114630162360924   0.1467552638048694  -0.1189470619247433  -0.0833715630626838  -0.0566760562182196  -0.1862063360013903   0.1890078262289590  -0.1418335088852745   0.2011174944872625   0.0032673567723466   0.3980871261376805   0.1600703237101131  -0.2255837618255529   0.1658752700375240   0.1171317756170688   0.1473636800256048   0.0257054265708999  -0.2184037837871862   0.2558404354488785   0.0858103473856186  -0.0219688371613464   0.2124243599035990  -0.0441909650858187   0.0267238470335582   0.0667821241337923   0.3326298902469393
  0.0127524267469783  -0.4076323601845226  -0.0151113854519041  -0.0021099677854233  -0.0764436912237068  -0.0840792179948406   0.0075250666198857   0.0258478499364059  -0.2010886210787955   0.1074597089341339  -0.2463589196408767  -0.1146053678611764   0.1000167805668140   0.4341766270125116  -0.0385673940941229  -0.0312181422309149   0.4174518528047376   0.2166604717678322   0.2263210325997969   0.2189140295007037  -0.1812108618231374   0.0947613343329666  -0.0574146779847037  -0.0651464100029618   0.0191713227499098   0.0573757798304134  -0.0299955948075572   0.2011911877238358   0.0375257518523836   0.0951747603520763   0.1235451825369212  -0.0123262709702080   0.0804472571224792  -0.1486955780394422  -0.0623501735826488  -0.1410693007492043   0.0041939903493663
  0.0681127676676341  -0.0743708037177995  -0.1440435832652604   0.1071721707367504  -0.1573994926302936  -0.2330977889124025  -0.0439989314575769  -0.1291582334285363  -0.1627477190432969  -0.2052973965321535  -0.0583850412321585   0.1962804632696576   0.0884478121963806   0.2786488489936924   0.0831764276002461  -0.2569134368516228  -0.0677280091530544  -0.0065633238218690  -0.2614690621592088  -0.1658023699344245  -0.0168794106054525   0.0689518735735672   0.2219269874021231  -0.2358021811416124   0.0767516603825718  -0.3105389049701249  -0.1949555199433715  -0.2849378950188253  -0.1536279951304730  -0.1373741036638122  -0.1441274566368076  -0.0447496646796465  -0.0925079509017077  -0.1802063858865923   0.1951275566121392  -0.0833805698349121  -0.0877398751187011
 -0.0038977450265748  -0.1371192160391744  -0.0088629181555625  -0.0676588650912813  -0.2350217038292038   0.1972616922247832  -0.0508960941253725   0.2671979078078409  -0.1227930256071667  -0.0754661084684148  -0.1667713433594375  -0.1897114969380794   0.3569253786445793  -0.2059078094812102   0.0062032550665106  -0.0128718553998552  -0.2628319843560111   0.0062335198661621   0.1661833523795659   0.0320967978121836  -0.1161990587311280   0.0065364379094005   0.2363048000055032  -0.0948220743256872   0.2304621915208168  -0.0270169802152810   0.1651623777911155   0.1233760443798279  -0.0454662216868601  -0.0005212932926947  -0.3748745560697842   0.1988642378477411  -0.0237359723377938   0.2302365848630862   0.0690505909673779  -0.1981427784362015  -0.0398508667569649
  0.0000512477301341   0.0266191210272065   0.1235134313835042   0.0421903523352316  -0.0837745863562101   0.5076775519560044  -0.0955062861708045  -0.1995897012888807  -0.1492422989549615   0.0436974389238987   0.1633733585591090   0.2439680841315207   0.1402724160459561   0.1149436694921619   0.0400781872621927   0.1035959784707202   0.1217592500468372   0.3644027928628825  -0.0965980922647832   0.0444465522306353  -0.0904134878887093  -0.2067455028576448   0.0715073022385599  -0.0796734045747605   0.1287777022328670   0.2480550542828842  -0.0689861419587122  -0.3199550656182589  -0.0704167531261078   0.0166901008336583   0.1345459470522178   0.1067964001820598  -0.1020479978358186   0.2186799913334830  -0.0082373054692051   0.1022758700366704  -0.0535590152001694
  0.1014033035775821  -0.2805740365331544   0.1275299626695555  -0.0809770377186149   0.2194653714455452  -0.1605109979889445   0.0395848927575038   0.2719822765263394   0.1583893829882770   0.2983721122059590  -0.0054131880594719   0.1454195512405968  -0.1615984017294237  -0.1149694370817391   0.1223321392492749   0.0989482286801474   0.1194040087003060   0.3975868924041709  -0.0497397830433400  -0.1251178047608690  -0.0571373104512617  -0.0204047832833500   0.1522172089729509   0.0099013015935957  -0.0916104629376152  -0.3082975386945599   0.2381802208227800  -0.1321044157773532  -0.0610238753005549  -0.0028833504526139  -0.1767414962469707  -0.1623508698940427  -0.1776118209609276   0.1713795708024732  -0.0537785485654096   0.0914667380679546  -0.1038880268898299
  0.0103504366304300   0.2290100675045239  -0.2305114029314939   0.0127583361719785  -0.0783315274898674   0.0470980358823744  -0.0947848245391649   0.3344582513964110   0.2412007612908761   0.0366953195887137   0.2465866506823559  -0.2942117747498085  -0.0280544929846461   0.2069757600463636  -0.1443949562658581   0.2589247857173684   0.0982397773129049   0.1275225511198689  -0.1808365075279915  -0.1896920002684158  -0.0839491467777139  -0.0693375802795549   0.0101451091613779  -0.1729795819612163   0.1646636399320731   0.1652426533448235  -0.1778536308122194   0.1205503241583576  -0.1498721496011644   0.1689299799004199  -0.1809579751674352  -0.1976716445924069  -0.0513073136909632  -0.2067423074923342  -0.0079570233165914  -0.0146930727706576  -0.1449350442349535
 -0.0617035835707056   0.0421899013453444   0.0362041595099439   0.0294968612109733   0.3634344745124625  -0.3469198968375153  -0.0384344653078437   0.1303031054386803   0.0032135049152941  -0.1951986600024800   0.1074507927614385   0.0524935037975971   0.1725508295881987   0.0960071378246097   0.2036480057190776   0.0395065886419219  -0.1720394543809183   0.0037743634463576   0.1047705516621644   0.0194702051135346  -0.1619654305221619  -0.2278231374186195  -0.1007611508936295  -0.0693772318719811   0.2373062929382686   0.1938016935167851   0.2378677182632561  -0.3133022122200885   0.2516941922932027   0.2124207673844905   0.0997457300482335   0.0751754087455500   0.0294976170583981  -0.1181016931809913  -0.0706944041079579  -0.2323500070148681  -0.0796309895590308
 -0.0231932448942732   0.1946941445805419  -0.1145600929397341  -0.2741636093207668  -0.1441513613446063  -0.0950045237139698  -0.3544450620391406   0.1468015885910780  -0.2699306977990865   0.0498269690875387   0.0096793044247184   0.2026056387039712  -0.0078424569655241  -0.1188445095026022   0.0612542896616835  -0.2078487540684446   0.2670325629188169   0.0760842143428341  -0.0769131837365178  -0.0054587510567070   0.4296789137073195  -0.1596657985552829   0.2139175939795462   0.1244639478627788   0.0533642994913333   0.1067255122165149   0.1889526530008678   0.1471597933560199   0.1274321823468675   0.0944510043049851  -0.0117251397813083   0.0149318429352777  -0.1101086739837659  -0.2018908205200637  -0.0834506543099712  -0.0394315742049826   0.0756457160400248
 -0.0648426897917395  -0.0848388589289863   0.0856417959581083  -0.0258064251306699   0.2727537453904657   0.1207130258765469   0.0662174528138816   0.1757245162153140  -0.1389601127838229   0.2549531423489947   0.0601522386450291  -0.0010909036343250  -0.0313830574227473   0.1829907458205116   0.1632302787145406  -0.1750268037798486  -0.0778355679062108  -0.1028570007318253  -0.3484323958148992   0.3083746366764453   0.2296025408876780  -0.1421990605827137  -0.1994280198410139   0.0987302130196320   0.2233437913148319  -0.0052268368461084  -0.1530586706136306   0.0838204082397763  -0.0308161772354722  -0.0718510373571429  -0.2151593361390460  -0.1276983061647077   0.3090543052756816   0.1508463610868794   0.2129014750627986  -0.0854569584568889  -0.0334410511430631
 -0.0059053625462615   0.0243395221827081  -0.2015130909256829   0.0864668360136215   0.0961048506797343  -0.1564333599795222   0.2197280942248586  -0.0567674566420034   0.0253677625310901  -0.0445987507269249   0.1154552308281760  -0.0725016640749952  -0.0312562161869080   0.0171953711552674   0.1336486271902500  -0.3854750671776737   0.1918700724970461  -0.0892352034138074  -0.0902378523505268  -0.1305529529034458  -0.2180997436418747  -0.2334904194195302   0.1422591985941994  -0.0445776653302673  -0.0387380243777665   0.1858956082565107  -0.0635466851417638   0.2120077501832342  -0.1396635840033453   0.0798221674218273  -0.0026409873494585  -0.0012447954907325  -0.1930319631167036   0.4534162682537657  -0.1610772725841219  -0.0789025650810207   0.3113053238556503
  0.0650042843289332   0.0241731471294660  -0.1193117062834210  -0.3623853419344598  -0.1795297000903662   0.0755218595142562   0.2530841550676632   0.0203980602399670   0.0328676621049172  -0.0481588533328599  -0.1616832460527074  -0.4284533259808219  -0.0473709242092222   0.0194234918764713   0.3681897215336437  -0.0427361176017613  -0.1696618332126084   0.2803958897708779  -0.2863873085347987  -0.0221039524300424  -0.0093317656313989  -0.0605398290537661  -0.0440313491756182   0.0169176025829651   0.0012069005721984  -0.0664938678536887   0.0807281542265142  -0.1204898442830399   0.0800424136753800  -0.0953769537519245   0.2642572650599150   0.1062682228068374   0.0742798134880419  -0.1413321152543675  -0.0580917503028517   0.1077032664858088   0.1888426229454826
  0.0936822505425223   0.1563737397611906   0.0193040449403165   0.0333295630515672  -0.0896580099712186  -0.0857032187294789  -0.0418475858760313   0.0870207076612638  -0.0743628587895308  -0.0553599417344693   0.0149881129078692   0.1573899245117066  -0.0481645010441501  -0.0977239444982240  -0.1335589003111023  -0.1791111853265647  -0.1045263954081421   0.1273263433433954  -0.3613247631379916   0.3253123569383309  -0.3438550681519644   0.0196985021330569  -0.1655159703585953  -0.2339562000197659  -0.2709007165608452   0.0892145072972901   0.1587302131970358   0.2371379035235900   0.1114109921873701  -0.1723432980223404  -0.0320975024928003   0.1094105751781484   0.0052157303213357  -0.0180173975007795  -0.1991158419765398   0.0393919682226346  -0.3485418376072805
 -0.0686913239051805  -0.1101274092665035   0.0319602659542284   0.1623700718657081  -0.1077275783057110  -0.0301957730168692   0.0815794496578974   0.0980910995783520  -0.0917732329724340  -0.2338625644839503   0.1914812501657075  -0.0819534620388301   0.1458491138083775   0.2404418541329232   0.0157362329541366  -0.0417846947169263  -0.1418990639424797   0.1093141795571757  -0.1342167435646884   0.0724222200643398   0.1435801660313466   0.2029782637939425  -0.0157581722787466   0.3202243376514864  -0.3890377140032641   0.1005399879101994   0.1444087845438609  -0.0280449101608215   0.0661494186442490   0.4352171939213434  -0.1562367732082816   0.0052997048968558  -0.1355524481832770   0.0797974761202827   0.1860435969291454   0.2417267516910640   0.0183350793560643
 -0.1113085739876045  -0.1697704607612684  -0.0559478353037228   0.0025446054722345  -0.0331564465856611  -0.1439832618923331   0.0297421141488075  -0.0822881064084563   0.0932646560643133   0.1122337538452210   0.0998324308182774   0.0027158984840438   0.1236214230549458  -0.0118210214556751  -0.4316208820727681   0.0623375108788641  -0.0788657048662509   0.1619394275437501  -0.2139511433290357  -0.2027576742124380  -0.0595797372393563  -0.2717214961382179   0.1166086225580065   0.2761386842337497  -0.0604293298693609   0.0310158858660205   0.1153223673744687   0.1392233930733985   0.0774017393779873  -0.1993794991040863   0.2505933830526299   0.1299925269865959   0.0899854403334640  -0.0017037171648244   0.4009337813359980  -0.2667284199707631   0.0017654622193553
 -0.0395383896722825  -0.0073458386321602  -0.2296789814036421  -0.1090960270572772  -0.0911448964288909   0.1746082517013836   0.1077830546785087   0.2869146217101854   0.1321404907968337   0.0497671410637727   0.2067296069661650   0.2285325761021094   0.1718136173472627  -0.0107055326473065   0.1992872140704212   0.1426384257171268   0.1943193502664619  -0.3353132924572838  -0.0552648473114357   0.2313494539120022  -0.1230374232942396   0.1008885356996367   0.0688346911363084   0.1015504690682671  -0.2508991685867418  -0.1307264634789627   0.1148797616496861  -0.1578294547248562  -0.2878231159643389  -0.0065843524481388   0.2164466558276670   0.0805925409860673   0.0339467300658793  -0.0849139481169934   0.0048886061096904  -0.2935223294583252   0.0184292972615141
 -0.0957307024957094  -0.4045916105287897   0.0354988568585926  -0.0768685408087145  -0.0089294933070214  -0.1320861503576757  -0.3654425003468230  -0.0569134947887853   0.0182571489977914   0.1014096332352713  -0.0491720097275333  -0.2451331177806868   0.1081186872362603  -0.1423549614423947  -0.0217430764036994  -0.0372904369725833  -0.0747902628222681  -0.1415287566932659  -0.1218600678009038  -0.0895992712863439   0.2057229102392272  -0.1719718210929985  -0.2492725081110468  -0.1514529845896531  -0.2541933190685194   0.1849821206513723  -0.0941592196711047  -0.1870033600573717  -0.3648931645702599   0.0421933870212855   0.0422952772544035   0.1210921267113038  -0.0608700006608329   0.0211736089775436  -0.1983235842298346  -0.0024441857589129  -0.1253085979103759
  0.0564045715158975  -0.0202779500786042   0.1727708184868183  -0.2170784289601144   0.0733487694365032  -0.0220852481160235  -0.0323840864511206  -0.0309266089766382   0.3828272113319689  -0.4220550580681064  -0.1498536493941642  -0.0424297518253844   0.2458243158183493  -0.1728234149704970   0.0047634237069346  -0.1488114139940798   0.2122028724104165   0.0853391866151718  -0.0785910987973595   0.1578574408252486   0.1056531051182949   0.1127457061743345   0.1551648696353697   0.0789650197768631   0.0548586063536350   0.0993409895640501  -0.1790466767793763   0.0160043896018989   0.0062328811461000   0.0118806792072251   0.1702618294300436  -0.3451913986515487   0.0442802735543306   0.1620929529387167   0.0878054684905643  -0.0593702335444831  -0.2820835974966675
 -0.1157008596794746   0.2043349758829697  -0.0299047423227062  -0.0169804329311675  -0.0621118320409056   0.0208941361375660   0.2268285262283347  -0.1431874145935122  -0.0908547451648618   0.2175930596935385  -0.2839598663173558  -0.0910633366924606   0.1383915343531103   0.0344264013006226  -0.1978782867035462   0.1212966248998333   0.1793377977435900  -0.1705793644786616  -0.2247155558410509  -0.1428092495182679   0.1123991405320332  -0.0356266137601479   0.0890512137200538  -0.1638294448238270  -0.1551841344831212  -0.1415365208252848   0.0879634387397263  -0.2229351293072839   0.2761788900166564   0.3176933175221970  -0.0664298388448217  -0.0706285280375776   0.2026561264680692   0.2224896808106016  -0.1843419840394814  -0.1583652536081166  -0.1734427273829564
  0.1531978374437230   0.0047556793484648   0.1253553561054010  -0.1870138416715187  -0.2744028596044158   0.0201098648645966  -0.1686162038813964   0.0367502134933313   0.2474077957705674   0.1022597972179984  -0.1156830009296290   0.0866092957250733  -0.0125373367281279  -0.0217653213305089  -0.1100956896843781  -0.2436959070618911   0.1178986773866514  -0.1621622601175163   0.0411083889299148   0.0172188606974733  -0.3584920216925264  -0.2214507638204176  -0.2059200147348186   0.0504849165000963  -0.0564927209172945   0.0710640638855838   0.0517271366500482  -0.2731427117599340   0.1228361634068906   0.1249642059871897  -0.2534598651953512  -0.1472966069649762   0.1221404337044787  -0.0907139690933248   0.2514328772837995   0.1448879431987536   0.2853558416529393
  0.0262411448374609   0.2895493767005466  -0.0024799635345745   0.0188563759364238   0.1694207641989706  -0.0415945903380267  -0.2600024945042184   0.1502139123806850   0.0874818719653939  -0.0521438035396172  -0.1624319664266906  -0.0549714744702703   0.2261262867112146   0.2817320319298594   0.0807925779346542   0.1141217174063104   0.1494911243220519   0.0028456316782602   0.0610831808437921  -0.0889888608598530   0.1503187874437884   0.0500023833598389  -0.1759241456414923  -0.3052827618189716  -0.1951554397869748  -0.0622462277668417   0.2017874707832699   0.0702538379978050   0.0129417493034108  -0.2921892039525315   0.0859151583690810   0.1210321403609404  -0.0254918081350830   0.2923038703188374   0.3061788611191783   0.1393667222043517   0.1642607997219228
 -0.0043140686334533   0.1530420147252741  -0.1396888212949110  -0.3594610687378881  -0.0069186187722604  -0.0935277586905598  -0.0032497091916369  -0.2614736333729268   0.3003784773725284   0.1547713403038169  -0.0074729239589363   0.1137174111883721   0.0971983025606376   0.3668326217717939  -0.0238408901578067   0.0281719196430240  -0.2920829690843924   0.0947425490503333   0.2449299261672200   0.2630706781867300   0.0938261695886870  -0.2038650939731279   0.0609402352303383   0.1139792421061483  -0.1410502101112649  -0.1077860092048690  -0.1665962139175373   0.0714345564676101  -0.0127844100131478   0.0011950607350059  -0.1992159622072153   0.1018500126182820  -0.1710761543395030   0.0703237388806688  -0.1582854430671214  -0.0709681997894260  -0.0930691471194673
 -0.0993852580451880   0.1661377992702805   0.2071813872901722  -0.3734700402265065   0.0486606257599560  -0.1699930001753640   0.0671290295641020  -0.0231515491664429  -0.1901441326359111   0.1842928197687313  -0.1422593340798686  -0.0315222174787820  -0.1952733004207741   0.0175186749850087   0.0317605914171307   0.0882444141667461   0.0376110743951001  -0.1277574214769421  -0.0908063886285935  -0.0574600719199180  -0.1968421972218297   0.3491406244194795  -0.0111090341112888   0.0868182245049014   0.0858688011692238   0.2897086838550229  -0.1009956538119861  -0.0675013528063442  -0.1103396502449352   0.0504104784233763  -0.0057903764391840   0.1714351672398354  -0.3626420701684603   0.0754965606303315   0.2963631219227015  -0.1089088788648239  -0.1432892898084192
 -0.0034659798876780   0.2106495949789906  -0.0868489508638416   0.1262650083334262   0.0421346883312944   0.1193994054118443  -0.0539363369028283  -0.0112238177165851  -0.0763398354364763   0.3568106664297124   0.0393398123724441  -0.1979367942354878   0.1358990396318998   0.0571272165232326   0.1275265729157828  -0.4440974281460155  -0.1248617431594852   0.0245304391907282   0.2944668745317261  -0.1877165760974933  -0.0998276677801600   0.0781851363240188   0.0857566714181218   0.1595670667890627  -0.1169801773826038   0.0899794778665858   0.1582638783308526  -0.0832784291506879  -0.1037229548088156  -0.1043822902589738   0.1561749771868684  -0.2569264610048923   0.0839747001827306  -0.0686712647577320   0.0543723527098721   0.0440810460374464  -0.3666817682420371
 -0.1056713070468557   0.0318832935679034   0.0404109165691175   0.0549973961962222  -0.1184286428859948  -0.0681444364200594  -0.0247916696818073  -0.0679101296421035   0.0236680977277399  -0.0198247073194856   0.0767418571379102  -0.2342919449297331   0.0214804512169421   0.1531312772356906  -0.2923323517343141  -0.0463205055226607   0.0949223024187502  -0.1798700782557229  -0.1105431711980926   0.2683276346282164   0.0170337582738148   0.0010211938151472  -0.0893969439441826   0.1706430106040456   0.4079772561989415  -0.2168429492150590   0.3929362132067462  -0.1555442640413883  -0.1254400697391832  -0.1542927750635848   0.0900506681686288  -0.1170339090132407  -0.3226813407154720   0.0945355327590272  -0.1785364665598812   0.1570676069718850  -0.0040932304976064
 -0.0027542889088314  -0.0608018427099645   0.0833653236700989  -0.3160767135192377   0.0713986139690014  -0.0257000657532214  -0.2261148766479432   0.0109499065136155  -0.2285354278388539  -0.1325819094795687   0.3906698274776177  -0.2319409865661733  -0.2831896399189863   0.1241019131538621  -0.1784459554320735   0.0234307612119789  -0.0727637921679259  -0.0610822199638231   0.1059504357772603   0.1134431190605822  -0.0965428266463341   0.0853505367887968   0.3648136924600917  -0.1667548364861469  -0.1733682513587178  -0.0332548327339307   0.0089513488367905  -0.1529393971168701   0.0812035761563487  -0.0920394923321917   0.0373525119255652  -0.1305150632192531   0.2869356760768790   0.1864246142432610  -0.0301622241470756  -0.0296645425126026   0.1029275895244017
 -0.0693102815217511   0.1139249130642610  -0.2057892705751683   0.1627743440947326   0.1934468739240696  -0.1382934762570187   0.1750055379502285   0.1270801380355053  -0.0690268708487683  -0.0598416220748868  -0.2930881706367273  -0.1102059071927011  -0.0542091502511356  -0.1076620219643483  -0.1546406684753104   0.0789418857108548   0.1448486419653866   0.0600011644615958   0.0751193854789963   0.2985964040695515   0.0220901130882433  -0.1869431000294458   0.3053081112740345   0.1217232686500498  -0.1114623635078232   0.2426207492681278  -0.0770771707184094  -0.2912141101211156  -0.1826467657494875  -0.1982222934469032  -0.1833258107237007   0.1567212536020229   0.1100314641293139  -0.1241316420944207   0.0608411758719465   0.2683899969456283  -0.0050578926788389
  0.0048938151662181  -0.0187272403964316   0.0322350873126870  -0.0899690247276446   0.0947897345091473  -0.0457958683997772   0.0352267298295321  -0.4745543387062776  -0.1237778315774157  -0.0096844542857161   0.1782320644678163  -0.1519952665371453   0.1552701164628478  -0.1524455754230727   0.2834029799429071   0.2337754940454557   0.1889454591469833  -0.1225319660705328  -0.0280479940620763   0.0926820566852960  -0.1341077055015124  -0.2357373870570670   0.0835424488756402  -0.1190021413273486  -0.0396119285062365  -0.1030062518068785   0.2247429722170353   0.2570073905657247  -0.1106557500879205   0.0843527713757280  -0.1750421775049193  -0.0922026535732265   0.0133234967556154  -0.1902371862951367   0.2604724318514460   0.1833536147953108  -0.1431858087022829
 -0.0211313409407050   0.2893645015971716   0.2771611817929959   0.0588721693494985  -0.2325847678283731  -0.1953230683243608   0.1176947901464193   0.0739916018839288  -0.2647742772011158  -0.0872065570587378  -0.0998497052591240   0.0395537650203392  -0.0358038378634253  -0.0679600618893238  -0.0304442392930160   0.1305408391823455  -0.1471750566869117   0.2222746225127886   0.1357546464249713   0.1007525634915608   0.0352066817129290  -0.2279285150959519  -0.1614556833252100  -0.0206578724234978  -0.1086107859898750  -0.0830484761958392  -0.0027697198015186   0.0186522913525368  -0.4242802011691912   0.1007901039657028   0.1115416855310036  -0.3505064565308014   0.0509907154709194   0.0612517476443466   0.0441479788011626  -0.2398648020849185   0.1454805540159094
