 -0.8084901270128240  -0.0391159669805608  -0.0908150771326950  -0.0630687742687021  -0.0534091002484746   0.1013054533293841   0.0540040138833840   0.1868119327160059  -0.1577334620133419  -0.1059575580274129   0.0872552058125000  -0.0021637907713821   0.0490430278346955  -0.0958720694289542  -0.0941118033319637  -0.0887527982372688   0.0355102564127414   0.1149774647260182   0.1456363094670140   0.0671343075926218  -0.1464311342777147  -0.1227486534282369   0.0343163321611933   0.1156874429390628  -0.0097602545145047  -0.0947822512278197   0.1047226505934567  -0.0517257156442943   0.0683895825216698   0.0611839202535527   0.0117600259361426  -0.0639981258417358   0.1215573664665241  -0.0537420299249820  -0.0875173319799168   0.2146332977806650  -0.1075500459812939
  0.1597660439103326   0.1503396350136012  -0.0997732292856300  -0.1701477829611618   0.1269967603518627   0.1296710544488980  -0.1743959478586105  -0.1963899841342262  -0.1119468589231248   0.1262343390308963   0.1162719590402085  -0.0316396866324302   0.0881035954100256  -0.2920250636967666  -0.1708645800180054  -0.1859613467836274  -0.0835071668918945   0.1616268292171329  -0.0999943727159848  -0.0833873842148115  -0.0550909744195490  -0.0700716876189450   0.1200170514804083   0.2898228150768237  -0.2579742154906728   0.0597139841861565   0.0870656185853122  -0.2433797441714411   0.0726371823802957  -0.2014676692561816  -0.0524902244387096   0.0273538712260479   0.0405349134874725   0.4756324048243955  -0.0786658986640915   0.1747507665142913   0.0628267099454855
 -0.1218524727720855   0.1204726307603876  -0.1561729254341412  -0.1402199695102751  -0.1286458727767532  -0.1926919402648594  -0.1046239048113543  -0.0506948063441854  -0.0858793446465007  -0.0690392225028091   0.2991106949034467  -0.3289143429619877  -0.4409736328945887   0.0153163604362660   0.3250537509164179   0.0521667402690623  -0.1371991189615824   0.0572495103526530   0.0063769095338370  -0.1061203997600286   0.3256906834695105   0.0301477496083759  -0.2403355316867055  -0.1434204267714012  -0.0348560864693924   0.0153217251079854   0.2250835616891428   0.0396843865991630   0.0484482710003972  -0.0716303289793518  -0.1044876145148388   0.0901056748317687  -0.0388524016867380   0.1094981563434936  -0.1729648512991274  -0.0643227972601764   0.0071159929549404
 -0.0466970587163635   0.0905984054174831   0.1214081827116303   0.0663971880118467  -0.0087613967613584  -0.2083064305819742  -0.0750246002094917  -0.1376326997949788   0.0466706660606671  -0.1507395103444084   0.1646800403933361   0.2010677037481008  -0.2615264388867227   0.1544179486898060  -0.0351039736864352  -0.0853695663191367   0.2120919225038231  -0.0199634725500381  -0.0743685223303822   0.1734865882382625  -0.1265151303596990   0.0721642317059394   0.2005219469393934   0.0934957366290517   0.0846488654622358  -0.0322145498684958   0.1267389890747047   0.3800912881158281   0.1997824008109421  -0.1097804289176205  -0.0223956910893340  -0.1076016437566407   0.3843375201236763   0.2136556778661417   0.2739974195961524  -0.0134213407378087   0.2379933357375894
  0.1497224958798952  -0.0111164392419749  -0.3054523202701199   0.1343819392175321  -0.0913013444162959   0.0928507809573223   0.0400225615568646   0.0999884706027372  -0.1341551370712684  -0.0985027718968442  -0.0392265220079045  -0.0304959066951907   0.1085222239136428   0.1111959721008651  -0.1739219308943840  -0.1381727303961705  -0.0501974100217624  -0.0163259972213379   0.2584198955764191   0.2783134964902432  -0.0834558395188595   0.3202507258367704  -0.3044144768834054  -0.0811403268414179  -0.1193422942611878  -0.2482153294276043   0.0258560910922706   0.1163972719182785   0.1572931907184386   0.3519489864268334  -0.0105471612060639   0.1540359766629169  -0.0461794145174768   0.3182121649923454  -0.0408985838163158  -0.0225576779322549   0.0999909032191249
  0.1104710690165396  -0.2330914425409524   0.1167990166782307  -0.0855352885247840  -0.1357683150199335   0.1668938422498190  -0.0365337465393294  -0.0685689979672165   0.1410627575378509   0.0207771067183548  -0.0703229267489482  -0.1970613542927408  -0.1486048127626564   0.2121755882230254  -0.2139394360095170  -0.1264497033749715  -0.1989773450966123   0.0679488350092725   0.1459882334761295   0.1921550121072148  -0.1613319067886697  -0.1777491394372245  -0.2047396323827759   0.0352225917362155   0.2319330721537428   0.1147447551995395  -0.0585581495401577   0.1233450858263855   0.0776272895960569  -0.3259381725994940   0.2213848173971492  -0.1745736885497644   0.0469230255781700  -0.0166272487672772  -0.4040583070271567   0.0980362096825987   0.1062181672493860
  0.0793977199000173  -0.0434846943905969  -0.3593438150166934  -0.1807766412709624  -0.1957173483029085   0.2291380567613082  -0.2594723594665594  -0.1453040938218191  -0.1947507160092196   0.1455691994673904   0.0807435602879062   0.2827187197841402  -0.1452642590359395   0.3475273910195615   0.0766413091818110   0.1004155594762913  -0.0812460611240999   0.1310806841934696   0.0363932045351617   0.1408873353924387   0.0326594363670547  -0.3084135069374511   0.2740357328802426   0.0076635855089248   0.0070818595916615  -0.0531774958457339  -0.0354840199668653  -0.1410305131723282  -0.0687457227781368   0.2274144697564586   0.0478737340574887   0.0157736825112951   0.0188742523506807  -0.1533507710816773   0.0547082153845323  -0.0978760209275520   0.1076737752661967
  0.1516718215001918   0.0673623551663174  -0.1779395945477852   0.3076660354720547  -0.1450873046648579   0.2190170722477862   0.1223959167297982   0.1946790994996833   0.0679862927068231  -0.1126812962476206   0.1823052738674473  -0.0770609233537182  -0.0673822667261594   0.0320522638952046  -0.1490840256875464   0.2216996747051916   0.1211811958350563   0.2801379523812134  -0.0357991543125469  -0.0531560599510619   0.1746853152139802  -0.1408590659238846  -0.2367938579980509   0.1907026253969863  -0.0452448447281974  -0.1576287467708920  -0.0938139191827620   0.0614258411566140  -0.3403392853632967  -0.2104184872227592  -0.0641432099012954  -0.1180825171228240   0.1365602759594808  -0.0085023053816709   0.2643740832211113   0.2011892885971444  -0.0633356162233449
  0.1000250787156173  -0.1518734659556990   0.1171080054240088  -0.3748987246589469   0.1464752784355357  -0.0219141252801893  -0.0855381296247042   0.1015219182648287   0.0377054637746167  -0.3429627994495722  -0.1324391630412041   0.1724073405991739   0.1027703797770079   0.0562052336012330   0.2519530019499555  -0.1243819085853532  -0.0347897292319392   0.0559960405366686   0.1619291904143390  -0.1314166140662561   0.3449463972106802   0.1056571761854210  -0.0625527851405562   0.0053254072037659  -0.0344901001142908  -0.1740373102139323  -0.2141596041581568  -0.0925567820070739  -0.0437320053784194   0.0915470013147263   0.0041366734478049  -0.2377257127320512   0.2594704401355925   0.0349643966457837  -0.0413677265862029   0.2940008472471247   0.1508876060089326
  0.2042134500987671   0.1353828890716274  -0.2600556445378233   0.0782584935392249  -0.1002430158948812   0.1477445770287198   0.1478439985864340  -0.0406100623664101  -0.0845018260992633  -0.0962811690467773  -0.0553891479842695   0.0342471293327953   0.1493187016324796  -0.0634642723217265   0.0206384672547806  -0.1494308659928960   0.3767516030094069  -0.0816390477411505   0.2137715271900124  -0.1110236664588924   0.1806464253513456  -0.0003362845834356   0.1824505396532755  -0.1301798511789288   0.2176374287293903   0.0794236656313264   0.2424814370246273  -0.0266315369446737   0.2396478205455573  -0.2341037763733024  -0.1021751035946031   0.2148104515346645   0.1912469862967586  -0.2485502738553020  -0.2202980994604527   0.1472389162552371  -0.0322155859193250
 -0.1427904776436156   0.0750151513679249   0.0418870905596907   0.1300414673817193   0.1045159052917829   0.1358155099407095  -0.0859861137550130  -0.0332026617790034  -0.0591986116271741  -0.1099998293094464  -0.2047103926841132   0.0180840334238001  -0.1193931827168701  -0.2130682656096820  -0.1801147301799135   0.1399719570683267  -0.1341416663967412  -0.1551640399681034   0.0673333776664962  -0.0376334737709493   0.2871445150087623  -0.2696351461800713  -0.1085654097484263  -0.0810302945185160   0.4087847355819514  -0.0204229403517232  -0.1045139960051216  -0.1534631010929674   0.2514155229877098  -0.0019291085060636   0.0714696710653791   0.1310080696982365  -0.1450254313545679   0.1730741350233859   0.3051542493313892  -0.0017336930167309   0.3079148392665509
  0.0931224110999242   0.0401699115839654   0.1124966227029984  -0.0106532385867388  -0.3172823056199653  -0.2057125428502692   0.0706145729294765   0.0282514652614571   0.0460710965572798   0.0376507702493652   0.0975487257757450  -0.1847808918698174   0.0476326131308540  -0.1647217800042383   0.1389283026385046  -0.2335954005553546  -0.0356337030555297  -0.1141549594583207   0.0355509356143676   0.2337675266228111  -0.1442243998569681  -0.3067827429546084   0.0146659216960652  -0.2845551225804649   0.0406537081904267   0.0598005236167981  -0.2222215502036133  -0.2001103874397664  -0.1959982193746783   0.1223257639489716   0.0486117886244453   0.2643567774268438   0.3364382755400625   0.1252288980337958   0.1596770484043552   0.1743239541572476  -0.0796848755300699
  0.0321054743155720  -0.0986647710205875  -0.1462713769018887   0.0174087648143845  -0.0160490978618188  -0.1246016274799925   0.1432338334556989   0.2461891684502804  -0.2527605873677133   0.0274472424010877  -0.1065166551322874  -0.0456527377475427  -0.3423522394177976   0.0757222158681960  -0.0347186124865828  -0.0774672271785874   0.0922412925364010  -0.1325347123548926   0.0419509586309037  -0.4619186252733027  -0.2207337536414244   0.1643546845099851   0.0982383225627269   0.2608381574447122   0.1521211019578293   0.0714207154031126  -0.1521628433385575  -0.1093835102789243  -0.2199806687568204   0.0438962638143725   0.2653135353183452   0.1677638250175595   0.0938615435355642   0.1089197043368726  -0.0726694778640570  -0.0483868643436446   0.1651528403108518
 -0.1330425831333694   0.1770239503049703  -0.0274262970500434   0.0740933237908774  -0.1971948860232073  -0.0306399314627293  -0.0574531209181798   0.1106035111486950   0.2657202608008469  -0.0183964677012334  -0.0531979891582356   0.1484523761414961  -0.1209072573511398   0.1623897697584198   0.0636377246752136  -0.1303471073429056   0.1462067064701953   0.1695815839449399   0.2332655687533170  -0.0074628755462135   0.0509974788255926   0.0775258995488671   0.0183440722880688   0.0886836687459472  -0.1583577705612706   0.3081583098307905  -0.5163712268737022  -0.1366196811320472   0.2680398268129066  -0.1441789959541590  -0.1805717045326400   0.0504566043690073  -0.1833873246767994   0.1100723206040690   0.0127705881835759  -0.1291657204386222  -0.1199245742043848
 -0.0893994450343280   0.0548750869287999  -0.1866285208225405   0.1617109487507365  -0.0174467933160067  -0.2290058931805810  -0.0321867332830679  -0.3224227578304404   0.2729158241011456   0.0949345928214838  -0.3023534579923226  -0.1755043761490018   0.0229637391852823   0.1338324983945680  -0.0839018578490537  -0.2586735847396989  -0.0879228085334581  -0.0317664024773166   0.2875936355764985  -0.2569465331515883   0.0409553645714261  -0.1712139536724899   0.0500681938742696   0.0817211359179509  -0.0565015873123687   0.0603281970067997   0.1941621183334138   0.1238234280734593  -0.2189380307289339   0.2066391573581847  -0.1802262701256298  -0.1788545804877946  -0.0829903161832735  -0.0150154263731948   0.1285822524918268   0.1712741917189283   0.0810810915133122
 -0.0735692605883537  -0.2610625360059003  -0.0658423827214894   0.1173894599693431   0.0906296591332520  -0.3620785987287062   0.1973548738088189  -0.1054521876548189  -0.1904316846781852   0.1263274888954379  -0.0523004704896827   0.1198210655899238   0.1157820458528641   0.2750138107162577   0.0564084778278780   0.0404700272662138   0.0973544765066969   0.1018238670162944  -0.2718947158547337   0.2777338672212784   0.2393435663296579  -0.0017445965113708  -0.0644656451638630   0.1673963236624831   0.1485090585128966   0.1624564353351148  -0.0234923237192496  -0.0693671229552705  -0.0239453352891717  -0.0464630977313015  -0.0659530604566108   0.1860911058247104  -0.1839677332496690   0.1370738010044045  -0.0903035153581236   0.3725801641049908   0.0161338132606124
 -0.1363816737352994   0.2039894800471325  -0.0213259028817078  -0.0314015178934500   0.2089593272476753   0.0215661489370758  -0.1774719397517821  -0.0192540692253843  -0.0637195568847426   0.2721728145977230  -0.1421113865203728  -0.1364476528709864   0.2880533391915111   0.1768502266067452   0.0713510708906367   0.0222091716298108  -0.0200448469164484   0.2725968841659002  -0.0924906448936264  -0.2094812729131760   0.0136664581520925  -0.0826673717015254  -0.0527279868520181  -0.0967731133412650   0.1880423576693026  -0.1902489086274583  -0.2732933647560660   0.3727501050622914  -0.0154195913347422  -0.0491073044076017  -0.0357442012411650   0.2708549053942874   0.2626721569311767   0.1130073271827012  -0.1148764327455261  -0.1344138367306814  -0.0611888699340705
 -0.0985304016745461  -0.0635683563919162  -0.0180854699479465  -0.2193005422654012  -0.1333025194021103   0.0960390141612391  -0.3274194731375775   0.1964032381136472   0.2582953939488289   0.1599371327501320  -0.0670517292329400  -0.0152917894046544   0.0662133248304164  -0.0114025806313291  -0.0502179841254894   0.2303088750368333   0.1242646470895697   0.0446611886536274  -0.0088663775292621   0.0458919050119087  -0.1685534608490015   0.3360584926101179  -0.0511253375222975  -0.1446998432502034   0.1744436605921065   0.1904935236600057   0.1830289351463049  -0.1079348749047942  -0.2394536944571122  -0.0691785502635967  -0.2924703381590517   0.1509662851978839   0.0090726632052668   0.0272302171668085   0.0764695744308692   0.1676007920479469   0.3261205095212226
 -0.1733336655820495   0.1951465311120089   0.0413960718451922  -0.0962732590756373  -0.2353117681689396   0.2734389133978953   0.2049723139008627  -0.2924741091112703   0.1210223602947050   0.1100435641654759  -0.1433588219346848  -0.0339674820697154  -0.1293261660418037   0.0567678065925428  -0.1916694304650428  -0.2064430170723359   0.1065496619768134  -0.1046467753493667  -0.4745487740569089   0.0096147236263455   0.2391387073694866   0.2495339940128532  -0.1409683680102878   0.0152456217725840  -0.0029298833840553  -0.0403008828651563  -0.0942965901514389  -0.1476328578217704  -0.0428697507743231   0.1881861810409256   0.0290565557076185  -0.0637302166070519   0.1926546007291551  -0.0750120625774281  -0.0786178525699621  -0.0547705857094654   0.0433345099947834
 -0.0446943568202718  -0.0388284047311090  -0.0786858897840880   0.0848182423320727   0.2898936547458357   0.2047568636404046   0.1648607339245068  -0.1721767482239414   0.1540081670270843  -0.2298306917089123   0.3896136989119923  -0.2117645052233901   0.0217531375225281   0.0599212473084122   0.0092883911015204  -0.1511548322357410  -0.2305732707585448   0.1402066748830165   0.0525938244891583   0.0778407073839853   0.0091630823203942   0.2791993991930778   0.3835186972613923  -0.0630730520815771   0.3211368324368895   0.0589533343757279  -0.1642077080370287  -0.0561329559601798  -0.1756408780651962   0.0574411516423690  -0.0576389764768176   0.0611230120324356  -0.0991834887547317   0.0103513288233948   0.0369699734220246  -0.0117487535663097   0.0039380723577462
  0.0394334197129492  -0.2096907489037576   0.1155819880807996   0.2756094500339126  -0.2177395178928268  -0.0742255007894642  -0.1737943449683192   0.0171058951554414   0.2247281342230027  -0.2163813870545800  -0.1065670876022311   0.0693026269556826  -0.0450740911870635   0.0520228581188644   0.0707521996314982  -0.1301613589785505  -0.2203488249168894   0.2284642276123683  -0.2595644804591334  -0.1885673078443005  -0.1454821815412783   0.0104078722167578   0.0747685480603754   0.0927490545050143   0.0412425166477859  -0.4210903349024515   0.1542679619450867  -0.2317819772808565   0.2022169604613797  -0.0323604868740396  -0.1128711137478549   0.2768505216577302  -0.0115121801521746  -0.0949611366104017  -0.0611549210103241   0.0137897240888770  -0.0384366766319164
  0.0083297013634871  -0.2511836782475165   0.0278575830616280  -0.1171095198850279   0.2904314329960632   0.0960155691049903  -0.0299011115961796   0.0418485472520627  -0.0490419770054956  -0.0550100204411668   0.0219426634705874  -0.1385572112003126  -0.1612322514732341   0.1756164464102536  -0.1032790291094921  -0.3196037520639525   0.5042450902848362   0.0651678068188088  -0.1207237639350526  -0.0605569025909720  -0.1098801931912120  -0.2397066393095569  -0.1011232348194732  -0.3389461251118783  -0.0537068529276760  -0.1567674265406038   0.0185991798609600  -0.1315686024506939  -0.0454217540070513  -0.0428525824542543  -0.1683395970204526  -0.0521867819606846  -0.2130580455164025   0.0958672685987606   0.1051562029733797  -0.1182301166483291  -0.0166761173958896
 -0.0449195414823537  -0.3277028333193884  -0.0843803132015431   0.1434865291879709  -0.1543540570291705   0.0330540183499444  -0.1284838421745727  -0.0828440524388774  -0.1027935043515034  -0.0578632454764247  -0.0723673877872841   0.1499515581521413   0.0318239714952698  -0.2779193916819041  -0.0281319709499474  -0.1687588832222717  -0.0061689985269284   0.4246190546765066  -0.0911842538765471  -0.1399397050867947   0.1296922074714445   0.1290119634780232  -0.0176204652800248  -0.3128177349367500  -0.0707145440532390   0.3680349746223519   0.0559513604388269   0.2028388479005239  -0.0355587011357533   0.0412248821085240   0.3397120913577621  -0.0273788161291779   0.0227052542539075   0.0250229577112527   0.1276833075977331  -0.0599003652557340  -0.0263424173161275
 -0.0273258027997154   0.3588145594916866  -0.0592014197281245   0.0489271717927807   0.2552691172516982  -0.0154278429269698  -0.2609465855247830  -0.0374730844438400   0.2610413859149837  -0.1783315282263878   0.0334385647384919   0.3558930303249065  -0.1250347464427665  -0.0117711729272638   0.0359675205304911  -0.1238282211504372   0.1153773210020357  -0.0525479415869074  -0.0088925251174966   0.1091282088505878  -0.0620869804416556  -0.0427507686294466  -0.2190603188805520   0.0140137055151710   0.0886061086801117   0.0027942565589780   0.1148852934476729  -0.0091651475645766  -0.2886419202738000   0.0371290410473380   0.3769247491391461   0.2084380528469745  -0.1315114274836554  -0.0082615012531235  -0.1729814916985705   0.1240251362367563  -0.1834073665519883
 -0.0179021044428047  -0.1742117630820666   0.2081230600021353  -0.1724322610557985  -0.0412161191576296   0.0809096139470256   0.0849343924774088   0.0516721873969425   0.1630780009099176   0.0880068853537933   0.1349576872720794   0.1412610528654591  -0.1182301289102471   0.2121108883319841  -0.4066363441336685   0.1484487326016047  -0.1040155945092513  -0.1682057188728105   0.1313696354957623  -0.2152807100870069   0.2462966294924539  -0.0117115686562050   0.1870166041769108  -0.1620993183766292  -0.1790382146662688  -0.0210407740599486   0.0934403601108061   0.1487971383147099   0.0183251438650775   0.0350536660415845   0.0426678545196923   0.3215154883320148   0.0222114556919006   0.1862956115968107   0.0219265040727869   0.1806594943573676  -0.3099581224549137
 -0.0416792696048306  -0.0084304156762631  -0.2024179532326797  -0.2279052303511379  -0.1232617218746629   0.0549715672550756   0.2931871823983338   0.0691705104466665   0.1040802640836268  -0.3270111964689751   0.0703799841876697   0.2381061422457976   0.1826857603983270  -0.0379814145181351   0.0251059217777227  -0.1030416424524224  -0.1816672646128053  -0.1495100269395610  -0.2526064860582517  -0.1311387161793871  -0.1152474761287693  -0.2736940696099429  -0.0941697777303197   0.0048948841847381  -0.0880351234245046   0.1387241300094068  -0.0404280320260057   0.3131923542927952  -0.1025930688202649  -0.0853674031059690  -0.2071534562615311   0.1700309265421866  -0.1528256662860326   0.0387644034680665  -0.0673215965417284  -0.1248344059540783   0.2757956912870852
 -0.0271498442002185   0.2414144801748697   0.0356730869346652   0.1507262927573857  -0.1858167260565756  -0.1035013860036693  -0.3588643669854908   0.1372812354278370  -0.3440306479012601  -0.1108765759584100   0.1151726694766203  -0.0512575968433500   0.1643166660322410   0.2084628942107038  -0.2065251150054122  -0.1911060452257595  -0.1362372142397903  -0.2596504899972051  -0.1776001007153031  -0.0946011320858997   0.0431966021851766   0.1206906120966040   0.1297456574602354  -0.2327212672304790  -0.0503651139023781  -0.0334645533593043  -0.1434931910305356   0.0405854242302890  -0.0690085885243400  -0.2028817811160463   0.0213761009364758  -0.1919122615545064  -0.2091091905086506  -0.1022529631040009   0.0009944356045062   0.2206822758471211   0.0454231606922401
 -0.0496473651948667  -0.1244242970049041   0.1132248852041496  -0.0435864171535137  -0.1076231081326456  -0.0853768725074214  -0.1287022491865922  -0.4641776143424888  -0.2099226026188317  -0.2501090045039446   0.2015194603082099   0.0930110470347617   0.2405930102838878   0.1313326201043587  -0.1386330325552358   0.1299087311657668   0.0618803846092267  -0.0873754988760735   0.1830120285283822  -0.1909309155106469  -0.1272186390431853   0.0621681041193198  -0.3572529448146470   0.1152419400003784   0.1346347955666656   0.1124331445112381  -0.0211611159970851  -0.2025843377337013  -0.0914319296202282  -0.0491872895139045  -0.1168693438614187   0.0554122603122841   0.1386322729315073  -0.0084427802016850   0.0832208327262344  -0.2228948094356367  -0.1768943510789999
  0.0971786965536297   0.1415697403046958   0.1846281960901525   0.0231060092052335  -0.2514717404678008  -0.0751124228682938   0.0331766351500238   0.2011959466909693   0.0854443915681377   0.0031249671164225   0.2127678861951568   0.0580066103721677   0.1932271051983836   0.0202278313863764  -0.0505531235769391   0.0537508899138959   0.1740837310129402   0.1595437576745330  -0.0523613021753584  -0.1637096710619128   0.0687124489629599  -0.1582778430971706   0.0863761492199355   0.0160675688329470   0.3666892460635956   0.0469769050701031   0.1462354939252179  -0.0341825382190737   0.0248232496021673   0.3806319842080442   0.0019751808752981  -0.3081551410144873  -0.1326113673796838   0.3235721424108222  -0.2667610026819163  -0.0991037825698816  -0.0235147709762469
 -0.0599063768820269  -0.0541055888718334  -0.2459888804334414   0.0611897088159056   0.0856043135378477  -0.2586903792694374   0.0344226248681057  -0.1509521895191596   0.2967992979058984   0.0652595519593843   0.3166851093015026  -0.0570810786691135   0.1368941171586031  -0.0204008984747177  -0.1463038577450066   0.2659240426978408   0.1525195725693142  -0.0041454011221955  -0.0371791734682922  -0.1665050966934353  -0.0776249428883055  -0.0350128168925765  -0.0344345125105062  -0.1978715601736428  -0.1991219048075041  -0.1176474303407596  -0.2054067583058234  -0.1422376920226100   0.2272520325233079   0.0443030680042631   0.2899757798530136  -0.0407864703071711   0.0521768429671532  -0.1268173608315936  -0.1398898557071269   0.1101072941064698   0.3436455405359156
 -0.0313313629568685  -0.2337356975330404  -0.2900843351830449  -0.2075898144408439  -0.1970678021317697   0.0183253043407568  -0.0959063724566123  -0.0081464591734435   0.2049187842375272   0.2323625527083162   0.1398584028690565  -0.0151878191138457   0.1543004796993490  -0.1023515394910663   0.1990594177327527  -0.1712167042681786   0.0818301295120145  -0.2728220008077050  -0.0392636529263800  -0.0416971249768805   0.0527386290301358   0.1008991557705325  -0.0389122772812862   0.1850014538873419   0.2579526429130199  -0.2411448416960138  -0.0444157818059066   0.1239775096790442   0.0995405998235246  -0.1777103804201913   0.2055334022365420  -0.1012023991409730  -0.1814894143556815   0.1056385297663033   0.2781119883196869   0.0005328371605741  -0.2431972789227885
  0.0878253216635936   0.1241180368464614  -0.0079692705244330  -0.1857800327310569  -0.1366179616362683   0.0046546071297164   0.1297441073933130  -0.3083764330680551  -0.1443797367090164  -0.0647622336525091  -0.1234686569242915   0.0839735757545988  -0.2542739277242734  -0.2061398961334924   0.0266416286591748   0.2218702316887525   0.0580383301242159   0.1593485185523537  -0.0067676965478269  -0.1063129373448677  -0.3349121774296458   0.0790634953240846   0.0149170860592808  -0.1742227530771593   0.1446041599327099  -0.1613172367072101  -0.2199267254805503   0.1860561883865353   0.0709050927023435   0.0798922674973395  -0.1354288002465892  -0.0739068417378957  -0.2452708259327222   0.0048283652410183  -0.0153327297407914   0.4038044203411162  -0.1719282421907097
  0.0675215340876792  -0.1978909045076062   0.0095926627293244   0.2243309871377600   0.1664766027976821   0.0650672079788221  -0.1867806375246442   0.0748936808320855  -0.0267309233441342   0.2913550517690959   0.3119417253047522   0.2334320618429669  -0.1854623933780205  -0.2422886620835877  -0.0472837851475700  -0.2069764924822174  -0.0735821058257544  -0.1671193934943143  -0.0201693170322852  -0.0891656408587197   0.0214634692354665  -0.0386542105664118  -0.2049275668777594   0.0739381194510254   0.0954874310138125   0.0879402921913917  -0.1770019605945402   0.1344305063643801   0.0784768633353966   0.2357858842214367  -0.3729619283649229  -0.0316251480777075   0.1326442072779330  -0.2003696461460837  -0.1565234512003298   0.1279658265485483  -0.0014024944311527
  0.0534964043538380  -0.0781420185484533   0.1486887003128722  -0.1656530664176222  -0.1299288005227502  -0.0956686069590204  -0.2562425595328568  -0.0476632393041453  -0.0290288570475391  -0.1955091199555480   0.0292056437516499  -0.3067008977926528   0.0084990147411664  -0.2229052567692094  -0.2037901931931030  -0.0147882318096817   0.2901694904077087   0.0594170120171954   0.0300894506770284   0.1559499868769726   0.1866176328330644  -0.0488351495619929   0.1409755452567437   0.3607590100632931  -0.0686424136646394  -0.0558234679700347  -0.1518844867507488   0.2516257338849351  -0.0692801663736822   0.1908549950901972   0.0315185829912121   0.2740445081598251  -0.1857210316119524  -0.2372711870464790  -0.0709856028366148  -0.0497967548799454   0.1095297652024983
  0.0898629995762731   0.1069644441288909   0.1255794835349385  -0.0605005530342062   0.0722899512307697   0.2557617945478111  -0.0231720418719832   0.0704086407932906  -0.0073178757551467  -0.0523701886876064   0.1138584600356289  -0.2398236069082920   0.0884009191953129   0.2795643502801275   0.2039569905672922  -0.0380129278897323   0.0031436016054475   0.0284742259039643  -0.1311123343758032  -0.1727114463968296  -0.1704347885876811  -0.0482609079657314  -0.1781993131102026   0.1564319149083724  -0.0496223770073012   0.3223039253674814   0.1102266144171951   0.0500731405165864   0.3434844764532839   0.2612258004423478   0.1637419893152749   0.1134677096071661  -0.0364234089494325  -0.1418733377542135   0.2936964795200517   0.3042404807918614  -0.0021148930892913
  0.0642807640906273   0.2168546839450190   0.1657214263168905  -0.2630642780625223  -0.0187257893219774  -0.2295800365172046   0.2467590537357617   0.0823300425252454  -0.0783028214871816   0.2681261321765868   0.1829615307757537   0.1816898424720399   0.0110451415399318  -0.0032832446433644  -0.2001164910353741  -0.2886278931901411  -0.1317388412872481   0.3426089029002379   0.1857887562354520  -0.0214916314175407   0.0373255880393689   0.0766515021606318  -0.1610608940498654   0.0085688780686268   0.1051704946121447  -0.1456740165395148   0.1056329044836188  -0.0675131445529457   0.0144708748339764  -0.0965101897803757   0.0531746136004171   0.0839794250704388  -0.1351769926900086  -0.2971199673452679   0.2279435256951245  -0.0529843018548370   0.1781479408649650
  0.1249055583280242   0.0449754049334652  -0.3765578030115632  -0.2527094552175432   0.1570918667514525  -0.3129424440735911  -0.0842083607220498   0.2127972660180812   0.0810953225140347  -0.1885086280344948  -0.1358012677157162  -0.1057788204522742  -0.0626395917979138  -0.0162218986765218  -0.3742417461926152   0.0424824519028025  -0.1473217656734223   0.0690385648704112  -0.2241021340460696   0.0771321421189259  -0.0225451879882830  -0.0130626947462598  -0.0109667459895883   0.0017707130442610   0.1682733557429369   0.1687855406226068  -0.0035406137689340  -0.0736173507971949   0.1691892073081635   0.0911689111822795  -0.0980197771880500  -0.1095176827368201   0.1961284727047390  -0.1216115925284361   0.0934176846200020  -0.0703617529824968  -0.3358416807092064
