 -0.9991951886138437  -0.0000000000000012   0.0000000000000150  -0.0401120312493026
  0.0000000000000097   0.7071067811865847   0.7071067811865109   0.0000000000000009
  0.0000000000000113  -0.7071067811865105   0.7071067811865848   0.0000000000000020
  0.0401120312493026  -0.0000000000000009   0.0000000000000012  -0.9991951886138440
