converged SCF energy = -0.916271247695244

Start of the grid calculation

The molecule has  2  electrons and the basis set is constituted of  4  basis functions.
The active space is a  2  orbitals and  2  electrons active space.
Therefore there is  4  determinants.
The initial MOs are

 0.22154  -0.232794    0.91104  -0.934475  
0.471089  -0.640015  -0.671354   0.967927  
 0.22154   0.232794    0.91104   0.934475  
0.471089   0.640015  -0.671354  -0.967927  

The initial CI coefficients are

1  0  0  0  
0  1  0  0  
0  0  1  0  
0  0  0  1  

There are  3  points per rotation elements
This gives  27  CI points and  243  orbital points.

Performing  1000  Newton-Raphson calculations starting from random points on the grid
Start the Newton-Raphson calculation number 0 .

The mo coefficients are rotated by  [0, 2, 1, 2, 2]  and the CI coefficients are rotated by  [2, 0, 1] .

Initialization of the Newton-Raphson loop
Start of the iterative loop 

The Newton-Raphson has converged in  13  steps.

This NR loop took  0.921781  seconds
The energy at convergence is  -0.9187891980284746 

This is the CI coefficients at convergence

 0.91653  -0.302097   -0.254783  -0.0616123  
0.280762   0.952432   -0.118465  -0.0035198  
0.280762  0.0365793    0.958493   0.0335615  
0.048154  -0.016529  -0.0484029     0.99753  

The density matrix is non-diagonal, transformation of the MO to natural orbitals 

This is the undiagonalized CAS DM1 at convergence

 1.83771  0.541692  
0.541692  0.162292  

This is the MO coefficients at convergence

0.471445  -0.810441   0.53632  -0.799874  
0.260747   0.777594  -1.14705   0.175436  
0.471445  -0.810441  -0.53632   0.799874  
0.260747   0.777594   1.14705  -0.175436  

This is the diagonalized CAS DM1 

1.99759           0  0  0  
      0  0.00241005  0  0  
      0           0  0  0  
      0           0  0  0  

This is the natural orbitals 

0.346736  -0.683272  0.189676  -0.717494  
0.387916   0.902303  -1.25195   0.394688  
0.222742  -0.910747  -0.53632   0.799874  
0.470202   0.671975   1.14705  -0.175436  

The squared spin value of the wave function is  2.465190328815662e-31  and its associated multiplicity is  1.0 .

The hessian of this solution has  1  negative eigenvalues,  6  positive eigenvalues and  0  zero eigenvalues.

Start the Newton-Raphson calculation number 1 .

The mo coefficients are rotated by  [2, 0, 0, 0, 2]  and the CI coefficients are rotated by  [2, 1, 0] .

Initialization of the Newton-Raphson loop
Start of the iterative loop 

The Newton-Raphson has converged in  13  steps.

This NR loop took  0.884041  seconds
The energy at convergence is  -0.6123118173629953 

This is the CI coefficients at convergence

-0.684975   0.151612   0.663746   0.259354  
-0.197561  -0.575296    -0.3507   0.712049  
-0.197561   0.775038  -0.506667    0.32183  
-0.672866  -0.212987  -0.423958  -0.567581  

The density matrix is non-diagonal, transformation of the MO to natural orbitals 

This is the undiagonalized CAS DM1 at convergence

 1.01644  0.536514  
0.536514  0.983557  

This is the MO coefficients at convergence

  0.228468   0.115453    1.16106  -0.626839  
  0.847868  0.0277141   -1.10413   0.283531  
 -0.122397  -0.224824  -0.623129   -1.16305  
-0.0536739  -0.846621   0.764893   0.845242  

This is the diagonalized CAS DM1 

1.53677         0  0  0  
      0  0.463235  0  0  
      0         0  0  0  
      0         0  0  0  

This is the natural orbitals 

 0.612601   -0.451783   0.064785  -0.252588  
 0.280632   -0.356418   -1.60093   0.639934  
-0.244385  -0.0761793  -0.623129   -1.16305  
-0.627941   -0.570384   0.764893   0.845242  

The squared spin value of the wave function is  5.17689969051289e-31  and its associated multiplicity is  1.0 .

The hessian of this solution has  3  negative eigenvalues,  4  positive eigenvalues and  0  zero eigenvalues.

Start the Newton-Raphson calculation number 2 .

The mo coefficients are rotated by  [2, 1, 0, 0, 1]  and the CI coefficients are rotated by  [1, 1, 0] .

Initialization of the Newton-Raphson loop
Start of the iterative loop 

The Newton-Raphson has converged in  12  steps.

This NR loop took  0.906546  seconds
The energy at convergence is  -0.6300205452572154 

This is the CI coefficients at convergence

-0.180098   0.563202   0.563202    0.57721  
-0.390749   0.701763  -0.298237  -0.515653  
-0.390749  -0.298237   0.701763  -0.515653  
-0.813754  -0.318412  -0.318412   0.367467  

The density matrix is non-diagonal, transformation of the MO to natural orbitals 

This is the undiagonalized CAS DM1 at convergence

 0.37024  0.776693  
0.776693   1.62976  

This is the MO coefficients at convergence

-0.851568   0.248386  0.0623427   -1.00785  
  1.15883  -0.775561   0.255107  0.0984534  
0.0806183   0.247733    1.31291   0.122136  
 0.230516   0.812096   -1.10046  -0.309014  

This is the diagonalized CAS DM1 

7.51324e-05        0  0  0  
          0  1.99992  0  0  
          0        0  0  0  
          0        0  0  0  

This is the natural orbitals 

 -1.38403  -0.0416032  0.0534763   0.952164  
 0.868837   -0.243103  -0.257112    0.34473  
0.0338059   -0.258318    1.31291   0.122136  
 0.141295    -0.83227   -1.10046  -0.309014  

The squared spin value of the wave function is  2.5637979419682884e-30  and its associated multiplicity is  1.0 .

The hessian of this solution has  3  negative eigenvalues,  4  positive eigenvalues and  0  zero eigenvalues.

Start the Newton-Raphson calculation number 3 .

The mo coefficients are rotated by  [0, 1, 2, 2, 0]  and the CI coefficients are rotated by  [2, 1, 2] .

Initialization of the Newton-Raphson loop
Start of the iterative loop 

The Newton-Raphson has converged in  17  steps.

This NR loop took  1.494097  seconds
The energy at convergence is  0.18535514804727188 

This is the CI coefficients at convergence

-8.90891e-17  -0.555874   -0.54961   0.623645  
    0.707107   0.539931  -0.448401  0.0860877  
   -0.707107   0.539931  -0.448401  0.0860877  
 1.65709e-16  -0.328562  -0.543878  -0.772169  

The density matrix is already diagonal 

This is the diagonal CAS DM1 

         1  1.2229e-32  
1.2229e-32           1  

This is the natural orbitals 

 0.846709   0.458826  -0.880581  0.321949  
 -1.09711   0.377962   0.719788  0.393124  
-0.846709  -0.458826  -0.880581  0.321949  
  1.09711  -0.377962   0.719788  0.393124  

The squared spin value of the wave function is  1.999999999999997  and its associated multiplicity is  2.999999999999998 .

The hessian of this solution has  3  negative eigenvalues,  4  positive eigenvalues and  0  zero eigenvalues.

Start the Newton-Raphson calculation number 4 .

The mo coefficients are rotated by  [0, 0, 0, 0, 1]  and the CI coefficients are rotated by  [1, 2, 2] .

Initialization of the Newton-Raphson loop
Start of the iterative loop 

The Newton-Raphson has converged in  9  steps.

This NR loop took  1.021  seconds
The energy at convergence is  0.34847249319976187 

This is the CI coefficients at convergence

-0.217084  0.0125174  0.0104313   0.976017  
-0.678759   0.388872  -0.604745  -0.149492  
-0.678759  -0.579881   0.425554   -0.14808  
  0.17733  -0.715793  -0.673111  0.0558155  

The density matrix is non-diagonal, transformation of the MO to natural orbitals 

This is the undiagonalized CAS DM1 at convergence

  1.01568  0.0539663  
0.0539663   0.984321  

This is the MO coefficients at convergence

-0.887293   0.374363  0.181307   0.919892  
  1.05518   0.482799  -0.70937  -0.411626  
 0.887293  -0.374363  0.181307   0.919892  
 -1.05518  -0.482799  -0.70937  -0.411626  

This is the diagonalized CAS DM1 

1.0562         0  0  0  
     0  0.943802  0  0  
     0         0  0  0  
     0         0  0  0  

This is the natural orbitals 

0.293012   0.516858  -0.280927   0.488481  
 1.19768  -0.697506  -0.676134   -0.88149  
0.484785  -0.832118   0.181307   0.919892  
 -1.1337   0.247458   -0.70937  -0.411626  

The squared spin value of the wave function is  9.860761315262648e-32  and its associated multiplicity is  1.0 .

The hessian of this solution has  4  negative eigenvalues,  3  positive eigenvalues and  0  zero eigenvalues.

Start the Newton-Raphson calculation number 5 .

The mo coefficients are rotated by  [1, 0, 2, 1, 1]  and the CI coefficients are rotated by  [1, 0, 2] .

Initialization of the Newton-Raphson loop
Start of the iterative loop 

The Newton-Raphson has converged in  23  steps.

This NR loop took  2.009764  seconds
The energy at convergence is  1.4951765315347116 

This is the CI coefficients at convergence

-0.131764  -0.759493  -0.629428  -0.098133  
 0.337397   0.337103  -0.580312   0.660124  
 0.337397  -0.555527   0.512153   0.561473  
-0.868887  0.0303585  0.0689842   0.489239  

The density matrix is non-diagonal, transformation of the MO to natural orbitals 

This is the undiagonalized CAS DM1 at convergence

 0.262397  -0.675233  
-0.675233     1.7376  

This is the MO coefficients at convergence

-0.479152    1.25061   0.113588  -0.00292896  
 0.384908  -0.951273   0.981407    0.0539355  
  1.08964   0.367306   0.144205     0.680799  
-0.316022   0.109187  -0.383941     -1.32663  

This is the diagonalized CAS DM1 

8.48826e-07  0  0  0  
          0  2  0  0  
          0  0  0  0  
          0  0  0  0  

This is the natural orbitals 

0.0110835   0.876633  -0.461353  -0.0168061  
0.0109362   -1.44151  -0.873622  -0.0513339  
 -1.14869  0.0523176   0.144205    0.680799  
 0.255014   -0.21624  -0.383941    -1.32663  

The squared spin value of the wave function is  7.888609052210118e-31  and its associated multiplicity is  1.0 .

The hessian of this solution has  5  negative eigenvalues,  2  positive eigenvalues and  0  zero eigenvalues.

Start the Newton-Raphson calculation number 6 .

The mo coefficients are rotated by  [0, 2, 1, 1, 1]  and the CI coefficients are rotated by  [2, 0, 0] .

Initialization of the Newton-Raphson loop
Start of the iterative loop 

The Newton-Raphson has converged in  13  steps.

This NR loop took  1.3029  seconds
The energy at convergence is  0.2886650785241837 

This is the CI coefficients at convergence

-0.515762   0.744121  0.0127745  -0.424394  
 0.483724   0.466875   0.696194   0.251697  
 0.483724  -0.155282  0.0781528  -0.857782  
 0.515762   0.451883  -0.713472   0.144043  

The density matrix is already diagonal 

This is the diagonal CAS DM1 

           1  -3.68668e-16  
-3.68668e-16             1  

This is the natural orbitals 

 0.886855   0.268127    0.278688  -0.932974  
-0.291984  -0.958034   -0.846101   0.547881  
 0.802259   0.463447   -0.596833   0.769349  
-0.898532   0.442408  -0.0464488   -1.00693  

The squared spin value of the wave function is  2.465190328815662e-32  and its associated multiplicity is  1.0 .

The hessian of this solution has  4  negative eigenvalues,  3  positive eigenvalues and  0  zero eigenvalues.

Start the Newton-Raphson calculation number 7 .

The mo coefficients are rotated by  [1, 0, 0, 2, 1]  and the CI coefficients are rotated by  [1, 1, 0] .

Initialization of the Newton-Raphson loop
Start of the iterative loop 

The Newton-Raphson has converged in  9  steps.

This NR loop took  0.737791  seconds
The energy at convergence is  1.2587065851147292 

This is the CI coefficients at convergence

 -0.11544   -0.44726   -0.44726  0.765892  
 0.255707   0.845687  -0.154313  0.442284  
 0.255707  -0.154313   0.845687  0.442284  
-0.925149   0.246902   0.246902  0.148923  

The density matrix is non-diagonal, transformation of the MO to natural orbitals 

This is the undiagonalized CAS DM1 at convergence

 0.157425  -0.532172  
-0.532172    1.84257  

This is the MO coefficients at convergence

-0.0376151   0.962301  0.795737   0.49586  
  0.885001  -0.750518  -0.78516  0.236992  
 0.0376151  -0.962301  0.795737   0.49586  
 -0.885001   0.750518  -0.78516  0.236992  

This is the diagonalized CAS DM1 

0.00343605        0  0  0  
         0  1.99656  0  0  
         0        0  0  0  
         0        0  0  0  

This is the natural orbitals 

0.400542   0.629231  -0.546139   -0.542193  
 0.55193   -1.18867     0.9754  -0.0898256  
0.231345   0.934835   0.795737     0.49586  
0.641514  -0.966935   -0.78516    0.236992  

The squared spin value of the wave function is  3.0814879110195774e-33  and its associated multiplicity is  1.0 .

The hessian of this solution has  5  negative eigenvalues,  2  positive eigenvalues and  0  zero eigenvalues.

Start the Newton-Raphson calculation number 8 .

The mo coefficients are rotated by  [2, 0, 1, 0, 0]  and the CI coefficients are rotated by  [1, 0, 2] .

Initialization of the Newton-Raphson loop
Start of the iterative loop 

The Newton-Raphson has converged in  12  steps.

This NR loop took  1.376324  seconds
The energy at convergence is  0.17192080578836988 

This is the CI coefficients at convergence

-0.49347   0.680304  -0.535154  0.0853472  
0.535009   0.412724   0.146551   0.722459  
0.535009   0.494819   0.026565  -0.684262  
0.428974  -0.349285  -0.831521  0.0505405  

The density matrix is non-diagonal, transformation of the MO to natural orbitals 

This is the undiagonalized CAS DM1 at convergence

   1.05949  -0.0690119  
-0.0690119    0.940506  

This is the MO coefficients at convergence

-0.128208   0.928782   0.905987  -0.326536  
 0.684573  -0.451665  -0.448131    1.07037  
-0.128208   0.928782  -0.905987   0.326536  
 0.684573  -0.451665   0.448131   -1.07037  

This is the diagonalized CAS DM1 

1.09112         0  0  0  
      0  0.908884  0  0  
      0         0  0  0  
      0         0  0  0  

This is the natural orbitals 

-0.795318   0.771315     1.01031  -0.742733  
 0.527106   0.215446  -0.0299951   0.837051  
-0.503454   0.790954   -0.905987   0.326536  
 0.810497  -0.125441    0.448131   -1.07037  

The squared spin value of the wave function is  2.9582283945787943e-31  and its associated multiplicity is  1.0 .

The hessian of this solution has  4  negative eigenvalues,  3  positive eigenvalues and  0  zero eigenvalues.

Start the Newton-Raphson calculation number 9 .

The mo coefficients are rotated by  [0, 1, 0, 2, 0]  and the CI coefficients are rotated by  [0, 1, 2] .

Initialization of the Newton-Raphson loop
Start of the iterative loop 

The Newton-Raphson has converged in  11  steps.

This NR loop took  1.218776  seconds
The energy at convergence is  -0.9168606430823127 

This is the CI coefficients at convergence

  0.999841  -0.00137328  -0.00121907    0.0177404  
0.00144443     0.999988  -0.00215678  -0.00414692  
0.00144443   0.00210257     0.999918   -0.0125332  
-0.0177178   0.00419862     0.012548     0.999755  

The density matrix is non-diagonal, transformation of the MO to natural orbitals 

This is the undiagonalized CAS DM1 at convergence

   1.99937   0.00283721  
0.00283721  0.000632012  

This is the MO coefficients at convergence

0.220507   0.750923  0.00948329    1.09266  
0.472692   -1.14646    0.512496  -0.467635  
0.222638  -0.750294    -1.00232    0.43514  
0.469436     1.1478    0.219164  -0.658257  

This is the diagonalized CAS DM1 

1.99937            0  0  0  
      0  0.000627985  0  0  
      0            0  0  0  
      0            0  0  0  

This is the natural orbitals 

0.222242    0.74898  0.0102108      1.092  
0.470749   -1.14819   0.512482  -0.469186  
0.221573  -0.750609   -1.00232    0.43514  
0.471064    1.14713   0.219164  -0.658257  

The squared spin value of the wave function is  2.2148194360453212e-33  and its associated multiplicity is  1.0 .

The hessian of this solution has  2  negative eigenvalues,  5  positive eigenvalues and  0  zero eigenvalues.

Start the Newton-Raphson calculation number 10 .

The mo coefficients are rotated by  [2, 1, 0, 2, 2]  and the CI coefficients are rotated by  [1, 0, 2] .

Initialization of the Newton-Raphson loop
Start of the iterative loop 

The Newton-Raphson has converged in  12  steps.

This NR loop took  0.955862  seconds
The energy at convergence is  0.08162964909594295 

This is the CI coefficients at convergence

-8.79245e-16    0.282272    0.92747  -0.245198  
   -0.707107  -0.0651957    0.19844   0.675553  
    0.707107  -0.0651957    0.19844   0.675553  
 5.93002e-16    0.954894  -0.247068   0.164729  

The density matrix is already diagonal 

This is the diagonal CAS DM1 

          1  2.20487e-31  
2.20487e-31            1  

This is the natural orbitals 

 0.773321   0.550248  -0.451296    0.837881  
-0.286035   -1.07321   0.884127  -0.0621151  
-0.339273  -0.886393  -0.879382    0.363869  
 0.967521   0.545444   0.151584   -0.873247  

The squared spin value of the wave function is  1.9999999999999978  and its associated multiplicity is  2.9999999999999987 .

The hessian of this solution has  3  negative eigenvalues,  4  positive eigenvalues and  0  zero eigenvalues.

Start the Newton-Raphson calculation number 11 .

The mo coefficients are rotated by  [0, 2, 1, 1, 0]  and the CI coefficients are rotated by  [2, 1, 0] .

Initialization of the Newton-Raphson loop
Start of the iterative loop 

The Newton-Raphson has converged in  8  steps.

This NR loop took  0.786154  seconds
The energy at convergence is  -0.9187891980284744 

This is the CI coefficients at convergence

  0.979964     0.14219      0.138692    0.0147385  
 -0.140423    0.989835    -0.0221653  -0.00414398  
 -0.140423  0.00224232      0.990087  -0.00180346  
-0.0152802  0.00201048  -0.000350423     0.999881  

The density matrix is non-diagonal, transformation of the MO to natural orbitals 

This is the undiagonalized CAS DM1 at convergence

   1.9601  -0.270927  
-0.270927  0.0399041  

This is the MO coefficients at convergence

0.345489   0.871614   0.443974  -0.85459  
0.373646  -0.730089   0.397058   1.09034  
0.345489   0.871614  -0.443974   0.85459  
0.373646  -0.730089  -0.397058  -1.09034  

This is the diagonalized CAS DM1 

1.99759           0  0  0  
      0  0.00241005  0  0  
      0           0  0  0  
      0           0  0  0  

This is the natural orbitals 

0.156181   0.994267   0.385351  -0.995992  
0.496298  -0.540782   0.454172   0.962898  
0.222742   0.910747  -0.443974    0.85459  
0.470202  -0.671975  -0.397058   -1.09034  

The squared spin value of the wave function is  9.244463733058732e-32  and its associated multiplicity is  1.0 .

The hessian of this solution has  1  negative eigenvalues,  6  positive eigenvalues and  0  zero eigenvalues.

Start the Newton-Raphson calculation number 12 .

The mo coefficients are rotated by  [1, 0, 0, 1, 1]  and the CI coefficients are rotated by  [2, 0, 0] .

Initialization of the Newton-Raphson loop
Start of the iterative loop 

The Newton-Raphson has converged in  13  steps.

This NR loop took  0.804382  seconds
The energy at convergence is  1.4933797015106745 

This is the CI coefficients at convergence

-0.343631   0.407606  -0.606103  -0.590266  
-0.617995  -0.217954   0.621667  -0.429079  
-0.617995  -0.437563   -0.42604   0.495087  
 0.343631  -0.771293  -0.254283  -0.471556  

The density matrix is already diagonal 

This is the diagonal CAS DM1 

          1  1.06096e-13  
1.06096e-13            1  

This is the natural orbitals 

 -1.16382  -0.663479  -0.0513104  -0.0958526  
 0.970668   0.357938   -0.597708   -0.769138  
 0.694726   -1.14545   0.0949929  -0.0528852  
-0.674395   0.784543    0.918687   -0.323792  

The squared spin value of the wave function is  3.549874073494553e-30  and its associated multiplicity is  1.0 .

The hessian of this solution has  6  negative eigenvalues,  1  positive eigenvalues and  0  zero eigenvalues.

Start the Newton-Raphson calculation number 13 .

The mo coefficients are rotated by  [0, 0, 2, 2, 0]  and the CI coefficients are rotated by  [1, 1, 1] .

Initialization of the Newton-Raphson loop
Start of the iterative loop 

The Newton-Raphson has converged in  10  steps.

This NR loop took  0.710891  seconds
The energy at convergence is  -0.6336307066203584 

This is the CI coefficients at convergence

  0.993662   0.0693225   0.0693225  0.0549938  
-0.0392325     0.92662  -0.0733799  -0.366676  
-0.0392325  -0.0733799     0.92662  -0.366676  
-0.0977608    0.362195    0.362195   0.853272  

The density matrix is non-diagonal, transformation of the MO to natural orbitals 

This is the undiagonalized CAS DM1 at convergence

   1.97781  -0.0702969  
-0.0702969   0.0221927  

This is the MO coefficients at convergence

 0.282771   0.642826   0.239569  -1.12068  
 0.808279  -0.647571  -0.448208  0.863476  
 -0.15543  -0.330352   -1.21451  -0.44518  
-0.208244  -0.475701     1.2948  -0.27013  

This is the diagonalized CAS DM1 

1.98033          0  0  0  
      0  0.0196691  0  0  
      0          0  0  0  
      0          0  0  0  

This is the natural orbitals 

 0.229546   0.674314   0.255495  -1.15094  
 0.839767  -0.594346  -0.439325  0.822713  
-0.143478  -0.335716   -1.21451  -0.44518  
-0.191044  -0.482866     1.2948  -0.27013  

The squared spin value of the wave function is  1.2586275742801243e-26  and its associated multiplicity is  1.0 .

The hessian of this solution has  2  negative eigenvalues,  5  positive eigenvalues and  0  zero eigenvalues.

Start the Newton-Raphson calculation number 14 .

The mo coefficients are rotated by  [0, 1, 0, 0, 1]  and the CI coefficients are rotated by  [1, 2, 2] .

Initialization of the Newton-Raphson loop
Start of the iterative loop 

The Newton-Raphson has converged in  20  steps.

This NR loop took  1.500363  seconds
The energy at convergence is  0.08162964909594311 

This is the CI coefficients at convergence

-2.46854e-17   -0.957715   0.200575  0.206282  
   -0.707107  -0.0840442  -0.656706  0.248341  
    0.707107  -0.0840442  -0.656706  0.248341  
 2.18233e-16    0.262022   0.311839  0.913291  

The density matrix is already diagonal 

This is the diagonal CAS DM1 

          1  1.07667e-31  
1.07667e-31            1  

This is the natural orbitals 

 0.895938  -0.313201   -0.92393    -0.22818  
 -1.04119  -0.386687   0.280551    0.840732  
-0.919478  -0.235286  -0.571596   -0.760914  
  1.00423  -0.474474   0.883467  -0.0708861  

The squared spin value of the wave function is  1.9999999999999996  and its associated multiplicity is  2.9999999999999996 .

The hessian of this solution has  3  negative eigenvalues,  4  positive eigenvalues and  0  zero eigenvalues.

Start the Newton-Raphson calculation number 15 .

The mo coefficients are rotated by  [1, 0, 1, 2, 0]  and the CI coefficients are rotated by  [0, 1, 2] .

Initialization of the Newton-Raphson loop
Start of the iterative loop 

The Newton-Raphson has converged in  13  steps.

This NR loop took  1.096285  seconds
The energy at convergence is  -0.01579028326580384 

This is the CI coefficients at convergence

-2.8186e-15   0.779118  0.187352   0.598227  
   0.707107  -0.289919  0.618136   0.183997  
  -0.707107  -0.289919  0.618136   0.183997  
3.07687e-15   0.474204  0.448013  -0.757901  

The density matrix is already diagonal 

This is the diagonal CAS DM1 

           1  -4.40111e-31  
-4.40111e-31             1  

This is the natural orbitals 

 -1.06496   0.676485  -0.0426844   0.461431  
 0.921256  -0.745854     0.57178   0.535912  
-0.370358  -0.246104     1.16966  -0.490577  
-0.428344  -0.485206    -1.25673   0.144485  

The squared spin value of the wave function is  2.0000000000000004  and its associated multiplicity is  3.0000000000000004 .

The hessian of this solution has  2  negative eigenvalues,  5  positive eigenvalues and  0  zero eigenvalues.

Start the Newton-Raphson calculation number 16 .

The mo coefficients are rotated by  [1, 1, 0, 2, 2]  and the CI coefficients are rotated by  [2, 2, 1] .

Initialization of the Newton-Raphson loop
Start of the iterative loop 

The Newton-Raphson has converged in  15  steps.

This NR loop took  1.239644  seconds
The energy at convergence is  1.1759416886664058 

This is the CI coefficients at convergence

-0.897006  0.00101674  0.00101674   0.442015  
 0.302171    0.629212   -0.370788   0.612618  
 0.302171   -0.370788    0.629212   0.612618  
-0.112982    0.683087    0.683087  -0.232422  

The density matrix is non-diagonal, transformation of the MO to natural orbitals 

This is the undiagonalized CAS DM1 at convergence

  1.79186  -0.610378  
-0.610378   0.208144  

This is the MO coefficients at convergence

 0.952902  -0.0566383  -0.930609  0.171021  
-0.946948   -0.767075   0.527023  0.506236  
  0.78929    -0.53689   0.927362  0.187834  
-0.281697     1.18565  -0.536098  0.496616  

This is the diagonalized CAS DM1 

1.9998            0  0  0  
     0  0.000201534  0  0  
     0            0  0  0  
     0            0  0  0  

This is the natural orbitals 

  1.08038   0.572751   -1.05085  -0.00136578  
-0.317559  -0.894556   0.198767     0.534342  
 0.920259  -0.253678   0.927362     0.187834  
-0.648994    1.03147  -0.536098     0.496616  

The squared spin value of the wave function is  4.930380657631324e-32  and its associated multiplicity is  1.0 .

The hessian of this solution has  4  negative eigenvalues,  3  positive eigenvalues and  0  zero eigenvalues.

Start the Newton-Raphson calculation number 17 .

The mo coefficients are rotated by  [1, 2, 0, 2, 2]  and the CI coefficients are rotated by  [2, 0, 0] .

Initialization of the Newton-Raphson loop
Start of the iterative loop 

The Newton-Raphson has converged in  14  steps.

This NR loop took  0.950381  seconds
The energy at convergence is  -0.9187891980284724 

This is the CI coefficients at convergence

  0.985423   -0.110197   -0.126614   0.0276851  
  0.119396    0.989505   0.0549054  -0.0600759  
  0.119396  -0.0690658    0.990429  0.00490027  
-0.0207394   0.0629734  0.00195475    0.997798  

The density matrix is non-diagonal, transformation of the MO to natural orbitals 

This is the undiagonalized CAS DM1 at convergence

 1.97063   0.230359  
0.230359  0.0293711  

This is the MO coefficients at convergence

0.327102  -0.87868    0.92723   0.260158  
  0.3889  0.722079  -0.524368   -1.03515  
0.327102  -0.87868   -0.92723  -0.260158  
  0.3889  0.722079   0.524368    1.03515  

This is the diagonalized CAS DM1 

1.99759           0  0  0  
      0  0.00241005  0  0  
      0           0  0  0  
      0           0  0  0  

This is the natural orbitals 

0.275891  -0.826458  0.859988   0.138062  
0.441122    0.77329   -0.6286   -1.05838  
0.222742  -0.910747  -0.92723  -0.260158  
0.470202   0.671975  0.524368    1.03515  

The squared spin value of the wave function is  9.244463733058732e-32  and its associated multiplicity is  1.0 .

The hessian of this solution has  1  negative eigenvalues,  6  positive eigenvalues and  0  zero eigenvalues.

Start the Newton-Raphson calculation number 18 .

The mo coefficients are rotated by  [1, 1, 0, 1, 1]  and the CI coefficients are rotated by  [1, 2, 0] .

Initialization of the Newton-Raphson loop
Start of the iterative loop 

The Newton-Raphson has converged in  11  steps.

This NR loop took  0.7545  seconds
The energy at convergence is  0.22944510845461846 

This is the CI coefficients at convergence

-9.49296e-16  0.570443   0.815333  0.0991279  
    0.707107  0.576162  -0.386504  -0.136575  
   -0.707107  0.576162  -0.386504  -0.136575  
 2.53328e-16  0.103295   -0.19095    0.97615  

The density matrix is already diagonal 

This is the diagonal CAS DM1 

           1  -3.64167e-31  
-3.64167e-31             1  

This is the natural orbitals 

-0.542592    1.21499  -0.0675709   0.177047  
  1.34304  -0.453858  -0.0623472  0.0743321  
0.0181229  -0.236967   -0.343071    1.27763  
 -0.42294   0.143015    -0.71061   -1.14667  

The squared spin value of the wave function is  2.0000000000000036  and its associated multiplicity is  3.000000000000002 .

The hessian of this solution has  4  negative eigenvalues,  3  positive eigenvalues and  0  zero eigenvalues.

Start the Newton-Raphson calculation number 19 .

The mo coefficients are rotated by  [1, 1, 0, 1, 2]  and the CI coefficients are rotated by  [0, 1, 2] .

Initialization of the Newton-Raphson loop
Start of the iterative loop 

The Newton-Raphson has converged in  17  steps.

This NR loop took  1.217898  seconds
The energy at convergence is  -0.6123118173629967 

This is the CI coefficients at convergence

0.683798  -0.158489  -0.634568   0.323458  
0.197594     0.4116  -0.314163  -0.832372  
0.197594  -0.849611   0.196983  -0.447566  
0.674043   0.289185   0.678103  0.0470707  

The density matrix is non-diagonal, transformation of the MO to natural orbitals 

This is the undiagonalized CAS DM1 at convergence

 1.01325  0.536602  
0.536602  0.986754  

This is the MO coefficients at convergence

 0.228123   0.116133   -1.26386    0.379013  
 0.847782  0.0302394    1.13866  -0.0543185  
-0.121727  -0.225188   0.374977     1.26506  
-0.051152  -0.846777  -0.578099   -0.982496  

This is the diagonalized CAS DM1 

1.53677         0  0  0  
      0  0.463235  0  0  
      0         0  0  0  
      0         0  0  0  

This is the natural orbitals 

 0.613434   -0.452842  -0.109485   0.233358  
 0.278807   -0.355071    1.69761  -0.303555  
-0.244385  -0.0761793   0.374977    1.26506  
-0.627941   -0.570384  -0.578099  -0.982496  

The squared spin value of the wave function is  9.860761315262648e-31  and its associated multiplicity is  1.0 .

The hessian of this solution has  3  negative eigenvalues,  4  positive eigenvalues and  0  zero eigenvalues.

Start the Newton-Raphson calculation number 20 .

The mo coefficients are rotated by  [2, 2, 0, 1, 2]  and the CI coefficients are rotated by  [1, 2, 2] .

Initialization of the Newton-Raphson loop
Start of the iterative loop 

The Newton-Raphson has converged in  12  steps.

This NR loop took  0.972698  seconds
The energy at convergence is  -0.6300205452572161 

This is the CI coefficients at convergence

 0.843448    0.355788    0.392572  -0.0888694  
-0.364674    0.920716  -0.0198121    0.137487  
-0.364674   -0.134066    0.919277   0.0630078  
 0.150404  -0.0878831    -0.02063    0.984495  

The density matrix is non-diagonal, transformation of the MO to natural orbitals 

This is the undiagonalized CAS DM1 at convergence

  1.68878  -0.724864  
-0.724864   0.311217  

This is the MO coefficients at convergence

 0.250708  -0.0708257  -0.270866   -1.29045  
 0.820524   -0.198441  0.0296031    1.14264  
 0.214746    0.860667  -0.981341   0.237944  
-0.729446    -1.18839  0.0187606  -0.272802  

This is the diagonalized CAS DM1 

1.99992            0  0  0  
      0  7.51324e-05  0  0  
      0            0  0  0  
      0            0  0  0  

This is the natural orbitals 

-0.0909063  -0.0246674   -0.260581   -1.63653  
  0.866682    0.143174  -0.0796371   0.540993  
 -0.142146     0.87559   -0.981341   0.237944  
 -0.201555    -1.37976   0.0187606  -0.272802  

The squared spin value of the wave function is  7.494178599599612e-30  and its associated multiplicity is  1.0 .

The hessian of this solution has  3  negative eigenvalues,  4  positive eigenvalues and  0  zero eigenvalues.

Start the Newton-Raphson calculation number 21 .

The mo coefficients are rotated by  [1, 1, 0, 1, 2]  and the CI coefficients are rotated by  [1, 0, 1] .

Initialization of the Newton-Raphson loop
Start of the iterative loop 

The Newton-Raphson has converged in  19  steps.

This NR loop took  1.9065  seconds
The energy at convergence is  -0.633630706620359 

This is the CI coefficients at convergence

-0.750059  -0.281298  -0.0805507   0.593123  
-0.456148   0.859887   -0.132471  -0.187017  
-0.456148  -0.300943     0.53123  -0.647423  
-0.145842  -0.301495   -0.832921  -0.440537  

The density matrix is non-diagonal, transformation of the MO to natural orbitals 

This is the undiagonalized CAS DM1 at convergence

 1.54132  0.817327  
0.817327  0.458682  

This is the MO coefficients at convergence

 0.537417  -0.452071   0.907181  -0.70025  
 0.439563   0.937788  -0.585075  0.777283  
-0.285256    0.22786   0.926217  0.902963  
 -0.39679   0.334985  -0.315807  -1.28443  

This is the diagonalized CAS DM1 

1.98033          0  0  0  
      0  0.0196691  0  0  
      0          0  0  0  
      0          0  0  0  

This is the natural orbitals 

  0.62185  -0.28237   0.522337  -0.249088  
 0.609264  0.853355  -0.944697    1.01611  
-0.143478  0.335716   0.926217   0.902963  
-0.191044  0.482866  -0.315807   -1.28443  

The squared spin value of the wave function is  1.1864468014524018e-27  and its associated multiplicity is  1.0 .

The hessian of this solution has  2  negative eigenvalues,  5  positive eigenvalues and  0  zero eigenvalues.

Start the Newton-Raphson calculation number 22 .

The mo coefficients are rotated by  [0, 2, 0, 0, 0]  and the CI coefficients are rotated by  [0, 0, 2] .

Initialization of the Newton-Raphson loop
Start of the iterative loop 

The Newton-Raphson has converged in  7  steps.

This NR loop took  0.953828  seconds
The energy at convergence is  -0.9187891980284737 

This is the CI coefficients at convergence

   0.99937    -0.0052209    -0.0052209    0.0347227  
0.00534178       0.99998  -2.00156e-05  -0.00339054  
0.00534178  -2.00156e-05       0.99998  -0.00339054  
-0.0346859    0.00357388    0.00357388     0.999385  

The density matrix is non-diagonal, transformation of the MO to natural orbitals 

This is the undiagonalized CAS DM1 at convergence

  1.99754   0.0103063  
0.0103063  0.00246329  

This is the MO coefficients at convergence

0.218034   0.911886   0.308851  -0.912167  
0.473667  -0.669538    0.55825    1.01728  
0.218034   0.911886  -0.308851   0.912167  
0.473667  -0.669538   -0.55825   -1.01728  

This is the diagonalized CAS DM1 

1.99759           0  0  0  
      0  0.00241005  0  0  
      0           0  0  0  
      0           0  0  0  

This is the natural orbitals 

0.225168   0.907264   0.311731   -0.9069  
0.469046  -0.676671   0.556648   1.02198  
0.222742   0.910747  -0.308851  0.912167  
0.470202  -0.671975   -0.55825  -1.01728  

The squared spin value of the wave function is  1.5888922041194696e-33  and its associated multiplicity is  1.0 .

The hessian of this solution has  1  negative eigenvalues,  6  positive eigenvalues and  0  zero eigenvalues.

Start the Newton-Raphson calculation number 23 .

The mo coefficients are rotated by  [2, 1, 1, 1, 2]  and the CI coefficients are rotated by  [2, 0, 0] .

Initialization of the Newton-Raphson loop
Start of the iterative loop 

The Newton-Raphson has converged in  12  steps.

This NR loop took  1.502808  seconds
The energy at convergence is  -0.9168606430823127 

This is the CI coefficients at convergence

 0.887817  0.0558028   0.334246     0.311363  
 0.318502  -0.192608  0.0495304    -0.926825  
 0.318502   0.312031  -0.895088  -0.00322616  
0.0943062  -0.928668  -0.290936     0.209851  

The density matrix is non-diagonal, transformation of the MO to natural orbitals 

This is the undiagonalized CAS DM1 at convergence

 1.77933  0.625617  
0.625617  0.220675  

This is the MO coefficients at convergence

 0.0400328  -0.781605   -0.13419   -1.08443  
 -0.824998   0.925844  -0.455746   0.523097  
 -0.458074   0.634568   0.946081  -0.546747  
-0.0637581   -1.23844  -0.142565   0.678977  

This is the diagonalized CAS DM1 

1.99937            0  0  0  
      0  0.000627985  0  0  
      0            0  0  0  
      0            0  0  0  

This is the natural orbitals 

-0.365321  -0.327467  -0.277805  -0.849435  
 -0.37086     1.3312  -0.385403    0.85328  
-0.221573   0.750609   0.946081  -0.546747  
-0.471064   -1.14713  -0.142565   0.678977  

The squared spin value of the wave function is  3.0814879110195774e-33  and its associated multiplicity is  1.0 .

The hessian of this solution has  2  negative eigenvalues,  5  positive eigenvalues and  0  zero eigenvalues.

Start the Newton-Raphson calculation number 24 .

The mo coefficients are rotated by  [2, 1, 1, 1, 0]  and the CI coefficients are rotated by  [2, 0, 1] .

Initialization of the Newton-Raphson loop
Start of the iterative loop 

The Newton-Raphson has converged in  24  steps.

This NR loop took  2.708834  seconds
The energy at convergence is  -0.6336307066203564 

This is the CI coefficients at convergence

 0.0933182   0.333907     0.40647  -0.845328  
-0.0798011  -0.918355    0.321078  -0.217174  
-0.0798011   0.192403    0.853527   0.477603  
  -0.98922  0.0900623  -0.0564118  -0.100753  

The density matrix is non-diagonal, transformation of the MO to natural orbitals 

This is the undiagonalized CAS DM1 at convergence

0.030153  0.142988  
0.142988   1.96985  

This is the MO coefficients at convergence

 0.345309   0.118545  -0.660859    1.11197  
 0.495544   0.155223     1.1747  -0.607912  
-0.669788  -0.211114   0.893282   0.717895  
 0.555736  -0.873969  -0.892715  -0.386706  

This is the diagonalized CAS DM1 

0.0196691        0  0  0  
        0  1.98033  0  0  
        0        0  0  0  
        0        0  0  0  

This is the natural orbitals 

 0.299508  0.129124   0.744989   -1.15345  
 0.506123  0.201024   -1.12323   0.524972  
 0.652557  0.259526   0.893282   0.717895  
-0.618156  0.830991  -0.892715  -0.386706  

The squared spin value of the wave function is  1.5138240771191217e-26  and its associated multiplicity is  1.0 .

The hessian of this solution has  2  negative eigenvalues,  5  positive eigenvalues and  0  zero eigenvalues.

Start the Newton-Raphson calculation number 25 .

The mo coefficients are rotated by  [2, 1, 1, 2, 0]  and the CI coefficients are rotated by  [2, 0, 1] .

Initialization of the Newton-Raphson loop
Start of the iterative loop 

The Newton-Raphson has converged in  7  steps.

This NR loop took  0.693223  seconds
The energy at convergence is  0.2294451084546184 

This is the CI coefficients at convergence

-1.37026e-16   0.659864  -0.623868    0.418769  
   -0.707107   0.506678   0.488051  -0.0713027  
    0.707107   0.506678   0.488051  -0.0713027  
 4.97374e-17  -0.226128   0.366608    0.902477  

The density matrix is already diagonal 

This is the diagonal CAS DM1 

          1  9.32883e-32  
9.32883e-32            1  

This is the natural orbitals 

-0.0300041    -1.3303  0.0804731   -0.171568  
   1.06267   0.938335  0.0101908  -0.0964809  
-0.0750137    0.22551   0.681094    -1.13408  
 -0.334614  -0.295576   -1.31857    0.284951  

The squared spin value of the wave function is  1.9999999999999996  and its associated multiplicity is  2.9999999999999996 .

The hessian of this solution has  4  negative eigenvalues,  3  positive eigenvalues and  0  zero eigenvalues.

Start the Newton-Raphson calculation number 26 .

The mo coefficients are rotated by  [1, 2, 1, 2, 2]  and the CI coefficients are rotated by  [0, 0, 1] .

Initialization of the Newton-Raphson loop
Start of the iterative loop 

The Newton-Raphson has converged in  18  steps.

This NR loop took  1.775815  seconds
The energy at convergence is  -0.612311817362996 

This is the CI coefficients at convergence

0.837083  0.0211669  0.0211669  -0.546256  
0.118539   0.968216  -0.031784   0.217936  
0.118539  -0.031784   0.968216   0.217936  
0.520757  -0.247183  -0.247183   0.778853  

The density matrix is non-diagonal, transformation of the MO to natural orbitals 

This is the undiagonalized CAS DM1 at convergence

 1.42952  0.321915  
0.321915   0.57048  

This is the MO coefficients at convergence

 0.255934  0.00496825   -1.01485  -0.843244  
 0.776031   -0.342672   0.675102    0.91855  
-0.207779   -0.149516  -0.846479    1.01215  
 -0.41547   -0.739617   0.498723   -1.02507  

This is the diagonalized CAS DM1 

1.53677         0  0  0  
      0  0.463235  0  0  
      0         0  0  0  
      0         0  0  0  

This is the natural orbitals 

 0.430329   -0.252555  -0.749448  -0.509691  
 0.518508   -0.517067   0.961256    1.13798  
-0.244385  -0.0761793  -0.846479    1.01215  
